NaN NaN NaN
5000 590 930
5000 574 884
5000 561 860
5000 539 842
5000 523 819
5000 511 787
5000 499 751
5000 487 743
4.607152e+03 481 734
2.056037e+03 472 734
1.313213e+03 464 708
1.080180e+03 458 725
1.015956e+03 452 721
9.056005e+02 447 691
9.379328e+02 441 665
9.657554e+02 436 657
9.231992e+02 436 648
9.116625e+02 444 640
9.403898e+02 452 648
9.130496e+02 458 648
9.265456e+02 687 640
1.109898e+03 613 674
1.170505e+03 529 665
9.828437e+02 490 624
9.430733e+02 458 611
8.739402e+02 441 615
8.369498e+02 427 591
8.498047e+02 430 571
8.734455e+02 496 591
1.067552e+03 643 587
1.091373e+03 646 648
1.038406e+03 705 1010
1.191234e+03 732 1640
1.088514e+03 593 1300
1.099543e+03 529 1110
9.574336e+02 487 918
9.008631e+02 514 777
1.139539e+03 817 732
1.421888e+03 666 734
1.290216e+03 554 699
1.091366e+03 499 644
9.622017e+02 470 620
8.523833e+02 441 615
8.635051e+02 424 591
7.990497e+02 413 583
8.104091e+02 408 571
7.951621e+02 402 563
7.573014e+02 394 571
8.183337e+02 391 575
7.440300e+02 385 567
7.048391e+02 396 551
8.694659e+02 620 575
1.144745e+03 606 599
1.266708e+03 542 544
1.226322e+03 499 548
1.058732e+03 461 536
9.228976e+02 430 536
8.909227e+02 408 544
8.681882e+02 391 517
8.246116e+02 382 507
8.042352e+02 371 514
7.855512e+02 357 527
7.488378e+02 359 507
7.389829e+02 355 521
7.639212e+02 538 572
9.078364e+02 524 630
8.609494e+02 469 612
8.332107e+02 444 544
7.689650e+02 415 527
7.618682e+02 386 514
7.462942e+02 378 521
6.705943e+02 353 507
6.929606e+02 342 494
6.823061e+02 333 487
6.429185e+02 325 481
6.458252e+02 325 481
6.509349e+02 378 484
7.214865e+02 364 504
7.047600e+02 355 514
6.871266e+02 344 531
6.528521e+02 333 534
6.130757e+02 329 531
6.051879e+02 325 521
5.972202e+02 317 527
5.920782e+02 306 524
5.806277e+02 294 500
5.609520e+02 287 481
5.958827e+02 306 507
6.237410e+02 340 514
5.619663e+02 329 521
5.740973e+02 304 521
5.312976e+02 296 569
5.581483e+02 317 541
5.288435e+02 336 504
5.553054e+02 331 455
5.543757e+02 321 500
5.790342e+02 314 494
5.206116e+02 312 494
5.657552e+02 308 455
5.666417e+02 304 446
6.060664e+02 380 481
6.765243e+02 348 446
6.789996e+02 321 437
5.963877e+02 323 449
6.687533e+02 346 481
6.511247e+02 342 481
5.677115e+02 333 514
5.842970e+02 321 541
5.976168e+02 304 524
5.523106e+02 296 500
5.364216e+02 287 490
4.962396e+02 279 468
5.046150e+02 267 455
4.657196e+02 259 446
4.972550e+02 257 443
4.678743e+02 255 437
4.658273e+02 251 449
4.759207e+02 251 431
4.645824e+02 247 431
4.470755e+02 251 431
4.135495e+02 249 425
4.181434e+02 247 437
4.166169e+02 243 434
3.905393e+02 237 422
4.257639e+02 239 407
4.216590e+02 247 401
4.105071e+02 239 440
4.015999e+02 235 481
3.805196e+02 230 449
3.794374e+02 224 446
3.769894e+02 220 458
3.485100e+02 214 455
3.324790e+02 213 462
3.784292e+02 209 455
3.923670e+02 207 443
4.091978e+02 207 455
3.670387e+02 224 449
3.306903e+02 207 455
3.245013e+02 201 446
3.569043e+02 228 449
3.163785e+02 235 443
3.460203e+02 214 443
3.609615e+02 205 446
4.030072e+02 201 443
3.880464e+02 201 446
3.538290e+02 197 443
3.432682e+02 197 449
3.252728e+02 186 431
3.443072e+02 205 437
3.910919e+02 283 428
4.358934e+02 275 419
4.665928e+02 218 458
4.476541e+02 199 443
3.781074e+02 194 437
3.723335e+02 192 425
3.635499e+02 190 407
3.489148e+02 188 396
3.838720e+02 190 425
3.882362e+02 201 434
3.481862e+02 220 437
3.758284e+02 300 462
4.051497e+02 294 465
3.687222e+02 308 452
3.340235e+02 251 449
3.525233e+02 228 452
3.649697e+02 220 474
3.578696e+02 197 431
3.415825e+02 178 437
3.126807e+02 171 449
3.079229e+02 163 398
3.058413e+02 180 446
3.073787e+02 308 497
3.192159e+02 279 566
3.126526e+02 199 555
2.979444e+02 178 562
3.179249e+02 173 638
3.421923e+02 188 693
3.121440e+02 197 760
2.678867e+02 199 723
2.978787e+02 201 649
3.421199e+02 232 634
3.477319e+02 216 576
3.351037e+02 209 538
3.599559e+02 306 664
3.713821e+02 239 656
3.205456e+02 218 521
3.415223e+02 201 704
3.689251e+02 184 697
4.052993e+02 199 679
4.513775e+02 228 642
4.860052e+02 214 594
4.710458e+02 214 594
4.916662e+02 201 656
4.477492e+02 190 623
4.322600e+02 197 594
4.306505e+02 235 638
5.298916e+02 452 701
1.095435e+03 793 598
1.431271e+03 559 437
1.329237e+03 477 416
1.012151e+03 444 468
9.052173e+02 380 449
8.666052e+02 329 422
7.052229e+02 291 425
5.590685e+02 271 390
5.312449e+02 259 356
4.968862e+02 232 344
4.734655e+02 251 470
4.567540e+02 267 732
4.896892e+02 333 1110
4.899105e+02 296 1340
5.177490e+02 306 1120
7.899782e+02 389 1330
1.035694e+03 480 1730
1.330040e+03 439 1540
1.369181e+03 406 1500
1.177477e+03 452 2140
1.449900e+03 708 2510
2.583040e+03 1050 3280
3.204739e+03 1590 3120
4.146419e+03 1240 2910
4.797048e+03 944 2220
3.683886e+03 862 1770
3.385566e+03 950 1710
3.937098e+03 832 1450
4.575136e+03 857 1220
4.172661e+03 866 1030
3.472835e+03 741 882
2.757218e+03 672 881
2.308393e+03 608 1360
2.430607e+03 687 1470
2.621037e+03 719 1340
2.499229e+03 607 1160
2.404347e+03 568 904
2.229617e+03 530 816
1.977780e+03 472 728
1.867550e+03 478 656
1.860749e+03 496 759
1.853094e+03 648 777
2.518910e+03 760 1200
3.174886e+03 757 1200
3.078112e+03 779 1060
2.865804e+03 847 2050
2.961375e+03 840 2220
3.250963e+03 1000 2740
4.317826e+03 1540 2880
5000 1990 3200
5000 2180 3090
5000 2260 3390
5000 2370 4140
5000 2440 3960
5000 1870 3300
5000 1510 2730
5000 1300 2140
5000 1160 1810
5000 1220 1750
5000 1070 1800
5000 1040 2250
5000 1210 2730
5000 1350 2500
5000 1460 2180
5000 1310 1920
5000 1180 1680
5000 1040 1500
5000 931 1370
5000 852 1620
5000 1040 2020
5000 983 2400
5000 1210 2380
5000 1480 2120
5000 1750 2160
5000 2620 2410
5000 2090 2400
5000 1320 1920
5000 1200 1680
5000 1040 1540
5000 955 1530
5000 966 1360
5000 1700 2100
5000 2260 3070
5000 2230 3780
5000 2300 3540
5000 1980 3470
5000 1520 3270
5000 1310 2720
5000 1640 2460
5000 3040 2710
5000 4280 4130
5000 4340 5560
5000 4170 6500
5000 4550 6540
5000 3480 5960
9.922201e+03 5230 5560
1.103646e+04 5010 5670
9.829147e+03 3840 5640
9.123595e+03 3090 5150
8.149737e+03 2590 4040
7.416163e+03 2890 3690
6.345935e+03 2740 3660
5.596182e+03 2340 3290
5000 2280 2920
5000 1700 2640
5000 2020 2380
5000 2920 2300
5000 2430 2240
5000 1930 2240
5000 3210 3080
5000 3070 3360
5000 2380 3140
5000 1920 2620
5000 1600 2210
5000 1670 2130
5000 1740 2180
5000 1560 2400
5000 1360 2070
5000 1290 1730
5000 1420 1820
5000 1480 1950
5000 1180 1740
5000 1080 1590
5000 1060 1750
5000 1160 2140
5000 1020 2190
4.530594e+03 1070 1870
2.936326e+03 1280 1690
3.121971e+03 1290 1570
2.888399e+03 1160 1450
2.514223e+03 1060 1340
2.302549e+03 1060 1230
2.211000e+03 1160 1170
2.086369e+03 1360 1140
2.208600e+03 1260 1110
2.099210e+03 1100 1040
2.070574e+03 1100 1000
2.091530e+03 1130 1180
2.314063e+03 1180 1770
2.293365e+03 1130 1880
2.345806e+03 998 1480
2.317457e+03 936 1250
2.322117e+03 910 1120
2.406782e+03 966 1060
2.365631e+03 892 1040
2.298237e+03 936 1000
2.221154e+03 899 974
2.057244e+03 998 938
1.888285e+03 1080 909
1.785529e+03 947 884
1.831444e+03 863 872
1.888102e+03 826 860
1.610994e+03 806 840
1.512718e+03 810 978
1.432443e+03 752 987
1.524710e+03 727 978
1.568359e+03 717 864
1.505432e+03 705 836
1.575630e+03 696 860
1.561650e+03 730 880
1.662316e+03 727 876
1.700548e+03 774 805
1.584073e+03 739 764
1.638146e+03 696 730
1.542611e+03 689 738
1.364132e+03 637 693
1.345522e+03 597 693
1.253992e+03 570 679
1.211267e+03 550 645
1.161937e+03 533 645
1.196878e+03 533 690
1.167766e+03 512 649
1.122353e+03 504 590
1.075098e+03 498 580
1.045829e+03 689 562
1.377112e+03 730 562
1.308663e+03 665 558
1.142254e+03 591 562
1.102191e+03 550 558
1.003063e+03 530 521
9.645607e+02 515 517
9.983457e+02 704 558
1.289379e+03 1330 649
1.650893e+03 992 623
1.514232e+03 730 590
1.251987e+03 620 601
1.070392e+03 562 576
1.031655e+03 535 548
9.927312e+02 660 541
1.057730e+03 1400 562
2.035025e+03 1510 555
2.107649e+03 1110 555
1.743978e+03 885 548
1.375800e+03 740 534
1.153744e+03 690 521
1.116181e+03 650 521
1.099672e+03 621 517
1.095633e+03 610 510
1.064559e+03 578 507
9.815486e+02 556 487
9.683388e+02 537 497
8.947436e+02 522 474
8.991992e+02 518 481
8.620243e+02 515 474
8.726896e+02 524 500
8.636524e+02 512 490
8.140478e+02 487 474
8.282572e+02 470 477
8.273619e+02 465 468
7.872224e+02 448 468
7.792301e+02 438 455
7.270775e+02 427 455
7.882693e+02 420 462
7.667123e+02 412 455
7.013972e+02 410 455
7.075239e+02 403 449
7.292282e+02 395 443
6.941692e+02 393 437
7.154139e+02 389 437
6.866322e+02 389 443
7.018498e+02 387 462
7.033811e+02 389 458
7.123680e+02 385 437
6.686633e+02 380 437
6.589327e+02 372 431
6.390397e+02 368 434
7.073801e+02 364 431
6.287703e+02 360 419
5.840669e+02 352 440
5.918532e+02 332 348
5.428177e+02 327 348
5.336893e+02 324 359
6.058401e+02 321 359
5.796036e+02 321 359
5.585207e+02 316 365
5.609986e+02 314 351
5.631361e+02 311 346
5.366887e+02 308 348
5.297887e+02 306 359
5.491679e+02 298 354
5.640040e+02 301 359
5.518942e+02 306 362
5.391504e+02 306 387
5.347702e+02 301 340
4.843695e+02 294 348
5.004864e+02 288 333
4.965791e+02 284 340
5.253658e+02 276 378
4.916331e+02 272 381
4.790753e+02 269 455
4.868556e+02 264 466
4.705784e+02 262 459
4.915317e+02 257 455
4.847435e+02 255 452
4.664096e+02 252 452
4.703909e+02 248 452
4.772343e+02 248 437
4.792039e+02 248 430
5.581100e+02 248 452
4.668734e+02 245 444
5.047088e+02 248 459
4.515031e+02 248 455
4.532813e+02 245 448
4.637636e+02 245 437
4.290354e+02 243 444
4.503754e+02 248 437
4.615028e+02 276 444
4.689786e+02 272 437
4.597356e+02 252 401
4.577874e+02 245 387
4.444075e+02 238 381
4.227521e+02 233 378
4.193678e+02 229 373
4.390467e+02 224 370
4.126630e+02 217 356
3.801430e+02 211 343
3.479933e+02 207 333
3.280572e+02 200 343
4.013704e+02 198 404
3.647857e+02 200 335
3.542557e+02 207 318
3.441032e+02 222 323
4.451584e+02 233 323
4.272412e+02 248 338
4.220842e+02 272 308
4.861199e+02 267 310
5.138093e+02 267 314
5.303251e+02 262 310
4.560275e+02 238 306
4.823583e+02 229 306
4.756936e+02 220 328
4.737753e+02 211 328
4.126884e+02 207 333
4.257294e+02 198 325
4.715013e+02 194 381
4.633104e+02 190 335
4.182224e+02 186 306
3.838797e+02 186 323
4.024819e+02 183 316
3.935926e+02 179 302
3.511523e+02 177 308
3.489073e+02 175 302
3.382907e+02 172 286
3.601611e+02 172 325
3.885333e+02 170 316
3.824561e+02 168 302
3.842678e+02 163 306
3.527414e+02 158 302
3.365456e+02 157 300
3.105188e+02 156 304
2.887841e+02 156 304
2.939231e+02 154 306
2.790222e+02 154 298
2.583533e+02 164 305
3.578061e+02 244 424
4.056598e+02 369 801
6.152812e+02 916 1800
9.633340e+02 1180 2220
1.136154e+03 787 2160
1.000019e+03 584 1490
6.396455e+02 468 1060
6.042893e+02 372 847
5.264563e+02 336 666
4.363974e+02 340 634
4.674500e+02 303 600
4.336574e+02 281 612
4.118240e+02 263 562
3.934328e+02 240 518
3.909881e+02 224 500
3.617974e+02 216 474
3.306060e+02 202 466
2.732005e+02 196 452
2.994082e+02 193 437
2.713427e+02 189 470
3.059952e+02 191 452
3.017256e+02 208 452
2.983601e+02 223 481
3.921106e+02 199 511
3.834858e+02 188 530
3.240294e+02 246 533
3.311302e+02 322 541
2.947166e+02 302 549
2.771141e+02 264 507
2.941250e+02 250 530
3.125525e+02 226 496
3.178564e+02 236 488
3.549917e+02 258 514
3.728020e+02 716 518
8.194760e+02 1020 616
1.199438e+03 562 729
9.007252e+02 412 669
7.221652e+02 360 628
6.230554e+02 749 1160
9.876490e+02 579 1170
9.045746e+02 461 881
8.272506e+02 346 755
5.585826e+02 310 686
4.534781e+02 342 686
1.027862e+03 924 923
1.031521e+03 1470 1210
1.254773e+03 846 1090
1.218614e+03 957 933
1.226723e+03 672 881
1.364370e+03 612 835
9.731229e+02 601 808
9.815815e+02 621 780
8.900091e+02 814 1730
9.355818e+02 752 1700
9.437135e+02 628 1370
9.132941e+02 553 1100
8.318968e+02 492 1060
7.194468e+02 492 978
7.561617e+02 474 869
8.621604e+02 422 809
7.324305e+02 416 822
7.477917e+02 435 918
7.372574e+02 519 994
1.068947e+03 506 1040
1.431481e+03 1060 1210
1.691082e+03 2420 2150
3.131751e+03 1520 2020
3.100593e+03 1040 2200
2.619453e+03 941 2220
2.729517e+03 784 1820
2.391578e+03 673 1530
2.003032e+03 606 1640
1.739505e+03 602 1430
1.515523e+03 600 1570
1.440372e+03 649 1350
1.513461e+03 638 1220
1.478236e+03 705 1030
1.468098e+03 701 887
1.547792e+03 656 800
1.573578e+03 790 715
1.694948e+03 866 721
1.747686e+03 946 1740
1.715150e+03 1130 2600
2.271251e+03 968 2560
2.031070e+03 862 3370
1.847279e+03 977 4270
2.079961e+03 990 3460
2.129841e+03 912 3180
2.104316e+03 1080 2790
2.006523e+03 1030 2140
2.571617e+03 920 1730
2.484292e+03 908 2470
3.665581e+03 1760 2810
4.383038e+03 1340 2160
4.324613e+03 1080 2020
3.789334e+03 1020 1940
3.636691e+03 1030 1820
3.874065e+03 1330 2030
4.129689e+03 995 1680
3.752458e+03 896 1440
3.650291e+03 1450 1460
4.497571e+03 2410 2400
5000 1650 2400
5000 1300 2350
5000 1400 2450
5000 1230 2390
5000 1090 2190
5000 1280 1940
5000 1870 2240
5000 1970 2260
5000 1530 2140
5000 1300 2040
5000 1100 1800
5000 1020 1480
5000 1360 1310
5000 1750 2290
5000 1980 3550
5000 1750 4010
5000 2080 3540
5000 1790 2830
5000 2520 2380
5000 6540 2460
5000 4020 2640
5000 2210 2410
5000 1760 2070
5000 1670 2020
5000 2230 2630
5000 2940 3630
5000 2550 3450
5000 2400 3000
5000 2270 2530
5000 2510 2150
5000 1990 2070
5000 1700 1930
5000 1560 1730
5000 1490 1820
5000 1710 1970
5000 1840 2500
5000 1690 2540
5000 2570 4050
5000 2920 4150
5.771535e+03 2970 3220
7.010762e+03 2560 2690
8.233776e+03 3890 2820
9.420308e+03 3840 3620
1.158169e+04 3380 4530
1.956880e+04 3550 5530
1.773930e+04 3920 6410
1.598787e+04 3880 6420
1.399431e+04 3450 5570
1.104614e+04 3420 4450
1.045797e+04 3920 3900
7.935029e+03 2680 3420
6.299734e+03 2250 2900
5.604908e+03 2000 2450
5.174261e+03 1760 2130
5000 1590 1920
5000 1720 2010
5000 1910 2210
5000 1640 2040
5000 1820 1920
5000 1620 1690
5000 1430 1610
5000 1280 1460
5000 1190 1370
5000 1100 1300
5000 1080 1220
5000 981 1190
5000 1000 1270
5000 1600 2250
5000 1420 2890
5000 1110 2270
5000 1190 1900
5000 1600 1830
5000 2010 1620
5000 1650 1570
3.103875e+03 1320 1520
2.585501e+03 1390 1410
2.659923e+03 1580 1770
3.486099e+03 1830 1640
4.528651e+03 1580 1440
4.052455e+03 1360 1340
3.460315e+03 1220 1260
3.289881e+03 1100 1210
2.563548e+03 1110 1170
2.290395e+03 995 1080
2.028746e+03 894 1050
1.885780e+03 833 1020
1.764155e+03 785 976
1.722739e+03 754 881
1.641025e+03 721 826
1.716498e+03 690 794
1.640653e+03 669 777
1.504875e+03 652 709
1.480750e+03 669 970
1.668942e+03 696 1280
1.723109e+03 1540 2500
2.587610e+03 1330 1950
3.060771e+03 1070 1460
3.037432e+03 1020 1200
3.013623e+03 1020 1100
3.240363e+03 1060 1050
3.289244e+03 1100 981
2.905209e+03 1160 976
2.642980e+03 982 928
2.341745e+03 869 867
2.076998e+03 817 799
1.858362e+03 841 772
1.781189e+03 1090 957
1.801708e+03 1000 1140
1.969989e+03 793 1040
1.706492e+03 717 962
1.566556e+03 669 895
1.474289e+03 636 835
1.553847e+03 623 794
1.422916e+03 636 790
1.326120e+03 594 786
1.236301e+03 566 759
1.275256e+03 554 737
1.240889e+03 548 695
1.228149e+03 548 695
1.265076e+03 572 695
1.136831e+03 714 693
1.253036e+03 1370 886
1.805657e+03 2500 1200
2.378489e+03 2200 2140
2.472148e+03 2180 2850
2.128775e+03 2140 2910
2.653807e+03 1900 2020
2.767180e+03 1570 1430
2.539868e+03 1330 1250
2.272897e+03 1140 1140
1.931839e+03 1010 1080
1.568745e+03 920 988
1.447145e+03 853 916
1.328109e+03 801 834
1.276043e+03 764 777
1.200522e+03 724 716
1.200150e+03 708 707
1.146630e+03 674 703
1.129089e+03 648 678
1.109797e+03 638 678
1.067211e+03 624 674
1.054954e+03 612 632
1.001574e+03 598 640
1.023955e+03 588 604
9.549061e+02 576 596
9.407295e+02 566 588
8.989039e+02 557 557
8.747584e+02 545 549
8.628235e+02 535 564
8.330379e+02 531 541
8.572248e+02 554 549
8.698838e+02 554 557
9.269405e+02 536 533
8.650237e+02 525 541
8.642947e+02 563 549
9.196344e+02 554 526
8.643452e+02 525 481
9.075420e+02 519 481
9.028829e+02 519 503
8.816011e+02 507 511
8.761878e+02 499 522
8.318993e+02 490 488
8.333954e+02 478 473
7.761399e+02 473 488
7.852985e+02 461 466
7.516137e+02 450 452
7.547375e+02 441 437
7.243010e+02 433 452
7.141162e+02 428 444
6.720152e+02 422 434
6.150305e+02 414 420
5.893705e+02 409 411
6.517779e+02 401 408
6.149030e+02 396 404
6.441712e+02 390 398
6.312302e+02 390 424
6.139741e+02 385 398
5.912030e+02 380 392
6.501689e+02 376 392
6.308199e+02 352 395
5.818082e+02 346 389
5.897787e+02 341 386
5.343867e+02 336 402
6.096017e+02 334 441
6.355236e+02 339 509
6.850029e+02 326 542
6.109347e+02 324 542
6.473021e+02 326 528
6.691643e+02 336 539
6.469699e+02 336 546
6.063974e+02 326 539
6.004170e+02 322 520
6.186365e+02 317 509
6.616258e+02 312 516
6.234349e+02 308 516
5.981991e+02 303 513
5.866625e+02 308 487
5.861907e+02 329 516
6.116931e+02 346 520
6.290039e+02 308 502
6.660342e+02 294 473
6.026264e+02 294 469
6.149994e+02 308 484
6.078781e+02 317 546
6.378762e+02 312 524
6.194478e+02 312 495
6.269628e+02 303 466
5.963658e+02 299 444
6.381236e+02 294 395
6.252164e+02 294 409
5.930145e+02 290 406
5.616685e+02 288 402
5.647533e+02 294 386
5.649290e+02 284 402
5.158396e+02 278 395
5.351825e+02 274 409
5.329160e+02 274 480
5.073376e+02 274 416
5.184919e+02 274 409
4.910790e+02 274 392
5.002810e+02 270 379
5.100513e+02 263 376
4.929226e+02 263 402
5.214647e+02 263 406
5.004807e+02 265 386
4.787731e+02 266 395
5.067095e+02 265 423
4.734442e+02 266 437
4.567479e+02 266 451
4.448205e+02 263 434
4.656014e+02 261 448
4.530661e+02 259 430
4.074399e+02 256 451
4.263553e+02 256 448
4.253901e+02 270 466
4.464775e+02 473 487
5.657827e+02 456 505
6.086679e+02 341 420
5.134731e+02 301 412
4.768153e+02 294 363
3.978955e+02 294 430
4.499586e+02 282 409
4.257742e+02 266 392
3.910385e+02 259 434
3.767676e+02 256 434
3.797818e+02 249 437
3.585720e+02 242 459
3.360872e+02 238 451
3.509808e+02 240 434
3.367510e+02 238 430
3.298066e+02 235 459
3.071548e+02 232 444
3.519115e+02 225 455
3.434284e+02 245 455
3.360016e+02 270 546
4.357048e+02 386 580
5.071324e+02 650 767
6.067425e+02 735 876
9.017659e+02 640 898
9.012204e+02 430 780
6.724556e+02 339 685
5.069068e+02 317 611
4.699401e+02 326 653
4.151454e+02 336 546
3.972375e+02 392 642
4.219944e+02 566 767
5.152932e+02 540 810
6.126522e+02 411 780
5.687451e+02 405 814
7.775936e+02 576 1600
9.431074e+02 661 2020
1.056267e+03 710 1750
1.037560e+03 509 1280
7.636865e+02 430 1060
6.613567e+02 384 998
5.962948e+02 500 1060
6.473614e+02 494 1020
6.278753e+02 394 932
5.731267e+02 362 892
5.652026e+02 346 912
5.935453e+02 381 1340
6.088248e+02 696 2180
8.119191e+02 630 1980
9.729280e+02 553 1640
9.900715e+02 512 1640
8.967258e+02 485 1490
7.295602e+02 458 1280
7.298734e+02 515 1160
7.413583e+02 394 1060
6.748710e+02 357 993
5.859411e+02 352 944
5.881196e+02 323 886
5.253631e+02 341 868
6.283697e+02 398 1030
7.363569e+02 728 1330
9.340871e+02 928 1400
9.568146e+02 692 1240
8.650762e+02 568 1080
9.106011e+02 588 1210
7.990739e+02 702 1170
7.278039e+02 596 1030
7.179731e+02 462 944
7.849366e+02 432 944
7.094913e+02 394 1070
7.119901e+02 372 986
6.393554e+02 333 1080
5.543536e+02 310 1110
5.056740e+02 297 1010
4.467957e+02 290 990
4.298490e+02 287 1020
4.527461e+02 279 907
4.450930e+02 268 876
4.030085e+02 255 840
3.559990e+02 247 871
3.602727e+02 240 1060
3.643515e+02 247 898
3.683742e+02 308 784
3.730929e+02 280 713
4.777163e+02 292 776
6.267627e+02 259 1260
5.079987e+02 274 1510
4.025979e+02 284 1270
4.420538e+02 312 1120
4.284842e+02 282 884
4.544898e+02 265 797
4.826279e+02 249 776
4.971364e+02 268 661
4.521723e+02 326 934
6.016061e+02 370 1060
6.631336e+02 297 780
5.227402e+02 261 701
4.688000e+02 252 669
4.319094e+02 252 673
3.764244e+02 235 638
3.611665e+02 225 788
3.496531e+02 218 1030
3.285349e+02 212 845
2.839992e+02 205 701
2.612102e+02 205 569
2.639092e+02 198 495
2.112730e+02 228 823
3.385577e+02 494 1180
4.606544e+02 453 793
8.376405e+02 430 661
1.095703e+03 397 734
9.898007e+02 473 767
1.064721e+03 411 669
1.125454e+03 362 681
9.193125e+02 367 649
1.047993e+03 464 793
1.266636e+03 435 1060
1.339537e+03 523 1120
1.271498e+03 1130 1200
1.772514e+03 1250 1110
3.501306e+03 1230 971
4.879145e+03 1120 939
4.078558e+03 1140 894
3.509846e+03 911 889
3.139625e+03 764 801
2.801610e+03 722 957
2.618859e+03 701 1700
2.345485e+03 580 1430
2.284605e+03 542 1490
2.313373e+03 577 1460
2.763201e+03 855 1410
3.754404e+03 1200 2070
4.730507e+03 1440 2140
5000 1610 2060
5000 2010 2370
5000 1800 2080
5000 1260 1700
5000 1180 1550
5000 2040 1800
5000 1800 2430
5000 1420 2040
5000 1390 1970
5000 1650 2560
5000 2840 2780
5000 2640 3000
5000 3340 3560
5000 4730 4410
5000 4850 4750
5.171150e+03 3770 5010
7.460346e+03 2900 4690
6.206441e+03 2570 4110
5.424203e+03 2540 4050
6.627342e+03 2550 4070
6.482229e+03 3320 4340
6.753182e+03 2940 4980
6.236756e+03 2550 4580
6.035333e+03 2630 4030
7.009273e+03 3260 3560
7.784999e+03 3150 3160
8.998627e+03 3400 2700
7.302254e+03 2870 2480
6.228503e+03 2240 2240
5.472405e+03 1870 2140
5000 1610 1900
5000 1470 1810
5000 1710 2630
5000 2280 3370
6.266214e+03 1920 2950
5000 1510 2340
5000 1350 2060
5000 1370 1970
5000 1340 1860
5000 1650 1880
5000 2080 1940
5.734937e+03 1770 1810
5000 1440 1610
5000 1240 1420
5000 1080 1260
5000 988 1180
5000 1000 1120
5000 4010 1400
5000 2500 1940
5000 1530 1950
5000 1500 2410
5000 1490 2660
5000 1690 2370
5000 1920 2370
5000 1670 2410
5000 1930 2150
5000 1830 2090
5000 1760 2280
5000 1990 2360
5000 1980 2240
5000 2170 2130
5000 2280 1840
5000 1650 1580
5000 1380 1420
5000 1220 1300
5000 1200 1240
5000 1100 1230
4.890247e+03 1010 1240
3.230706e+03 960 1250
2.717438e+03 1050 1200
2.541219e+03 1250 1770
2.684922e+03 1080 2280
2.617321e+03 1300 2380
2.740299e+03 1650 2130
2.774982e+03 2210 2220
3.447999e+03 2320 2220
3.955068e+03 1850 2370
3.858876e+03 1700 2160
3.478663e+03 1340 1850
3.091481e+03 1200 1660
2.769948e+03 1200 1530
2.563455e+03 1160 1470
2.995420e+03 1800 1350
3.604030e+03 2090 1300
3.298486e+03 2340 1250
3.470486e+03 2100 1240
3.367587e+03 1690 1220
3.041705e+03 1510 1150
3.012004e+03 1350 1120
3.014138e+03 1760 1220
3.171430e+03 2400 2200
3.088512e+03 1650 3080
3.125180e+03 1900 2650
3.520308e+03 2820 2140
4.552741e+03 2560 1780
4.258798e+03 2140 1630
3.768254e+03 1790 1720
3.210441e+03 1650 1780
2.914575e+03 1410 1990
2.733273e+03 1250 1860
2.446073e+03 1150 1640
2.213852e+03 1080 1540
2.057991e+03 1040 1720
1.893485e+03 1040 1930
1.848273e+03 926 1590
1.821016e+03 872 1430
1.687116e+03 835 1300
1.653561e+03 799 1160
1.572686e+03 769 1100
1.563651e+03 738 1080
1.468468e+03 712 971
1.402615e+03 795 971
1.614405e+03 1060 1500
1.803555e+03 875 1400
1.960550e+03 806 1240
1.760037e+03 732 1140
1.532115e+03 700 1050
1.423783e+03 675 986
1.313551e+03 668 876
1.296778e+03 654 889
1.263464e+03 626 898
1.204023e+03 606 845
1.161988e+03 586 827
1.171967e+03 573 776
1.127836e+03 560 726
1.111573e+03 547 726
1.053479e+03 528 734
1.075215e+03 518 673
1.035892e+03 509 673
1.053061e+03 573 657
1.107855e+03 606 645
1.211223e+03 599 645
1.156939e+03 547 638
1.087902e+03 515 614
1.015330e+03 491 584
1.004412e+03 485 576
9.656613e+02 485 524
9.545077e+02 461 576
9.391905e+02 450 565
8.849296e+02 441 546
8.849797e+02 433 531
8.557950e+02 416 531
8.303027e+02 405 502
8.315115e+02 394 495
8.062211e+02 389 480
7.590602e+02 378 546
7.497591e+02 376 462
7.812663e+02 373 459
7.924714e+02 389 451
7.857261e+02 427 448
7.859212e+02 405 437
8.230104e+02 416 423
8.087595e+02 394 448
7.882777e+02 378 448
7.218478e+02 381 509
7.361997e+02 389 561
6.961757e+02 367 430
7.124306e+02 359 437
7.035778e+02 373 426
7.437602e+02 389 423
6.983519e+02 370 426
7.885474e+02 365 409
7.418662e+02 389 430
8.473632e+02 400 423
8.285880e+02 400 412
8.352910e+02 482 426
8.671316e+02 411 423
8.122005e+02 378 430
7.721760e+02 367 561
7.350176e+02 359 531
6.922746e+02 352 444
6.678651e+02 346 430
6.601273e+02 336 434
6.301253e+02 329 423
6.321726e+02 326 430
6.519905e+02 324 441
6.384660e+02 317 441
5.982524e+02 320 464
5.425231e+02 314 478
5.763349e+02 307 461
5.504581e+02 304 433
5.572536e+02 302 412
5.734530e+02 297 461
5.567504e+02 293 468
5.476699e+02 293 440
5.564511e+02 311 461
5.945872e+02 327 450
5.841986e+02 297 416
5.455998e+02 281 394
5.629770e+02 277 464
5.323699e+02 272 454
5.306821e+02 270 447
5.230746e+02 261 486
5.066415e+02 257 482
4.947898e+02 253 454
4.721499e+02 251 426
4.991058e+02 251 468
4.890600e+02 249 412
5.039729e+02 249 426
4.762174e+02 253 440
4.646678e+02 261 426
4.777235e+02 261 419
4.757839e+02 266 419
5.307752e+02 288 405
4.711127e+02 279 489
5.408255e+02 275 350
4.512159e+02 266 340
4.375308e+02 261 350
4.043928e+02 257 370
3.934304e+02 253 364
4.315813e+02 249 364
4.703369e+02 244 391
4.116987e+02 238 444
4.361272e+02 238 468
4.118227e+02 238 430
4.504064e+02 246 422
4.130839e+02 240 447
4.892268e+02 238 461
4.684122e+02 249 461
4.389195e+02 242 440
4.539325e+02 228 468
4.297667e+02 220 468
4.085676e+02 212 447
4.167095e+02 209 475
4.119312e+02 202 436
3.891906e+02 198 422
3.470366e+02 193 468
3.847558e+02 191 447
3.671254e+02 190 440
3.762943e+02 196 419
4.002986e+02 212 482
4.072077e+02 332 461
4.448050e+02 288 496
4.627482e+02 236 475
4.394258e+02 220 447
4.113478e+02 209 398
3.747792e+02 209 377
3.428886e+02 209 364
3.337097e+02 211 398
3.239460e+02 211 405
3.496227e+02 218 398
3.855001e+02 211 398
3.673396e+02 198 402
3.549908e+02 191 398
3.443147e+02 186 384
3.269984e+02 181 381
3.077708e+02 175 367
3.057975e+02 171 364
2.874252e+02 183 357
2.750154e+02 195 364
2.500784e+02 183 343
2.429008e+02 178 343
2.479567e+02 171 350
2.636554e+02 170 350
2.681738e+02 165 364
2.765961e+02 165 357
2.647768e+02 164 357
2.400097e+02 163 343
2.400028e+02 161 350
2.186356e+02 160 350
2.409725e+02 160 323
2.260364e+02 160 374
2.431027e+02 165 394
2.337713e+02 202 489
2.666942e+02 356 589
3.616311e+02 436 663
4.801147e+02 320 616
4.515461e+02 311 639
4.789320e+02 439 728
6.078839e+02 416 667
6.307561e+02 337 647
5.803655e+02 427 616
6.655661e+02 362 576
6.473586e+02 337 544
6.613467e+02 304 600
6.546902e+02 288 772
5.872543e+02 309 812
5.108706e+02 311 1050
4.461549e+02 349 1460
4.132846e+02 325 921
4.323106e+02 238 770
3.808129e+02 212 688
3.232601e+02 205 644
3.423035e+02 209 643
3.192978e+02 209 645
3.197979e+02 202 608
3.555505e+02 253 472
4.085715e+02 304 468
5.092932e+02 253 461
5.738922e+02 297 496
6.280942e+02 266 503
6.379975e+02 228 454
5.026863e+02 209 426
4.523453e+02 195 391
4.556603e+02 183 391
3.312718e+02 175 384
3.146982e+02 171 370
3.134888e+02 168 367
3.181259e+02 181 433
3.265823e+02 244 493
3.859902e+02 209 620
4.173328e+02 232 558
3.907454e+02 228 540
3.546058e+02 195 500
3.370822e+02 183 507
3.355993e+02 176 489
3.458551e+02 198 525
3.844157e+02 275 623
5.165840e+02 220 596
5.118950e+02 196 639
4.322063e+02 232 788
4.235133e+02 318 822
5.335347e+02 216 600
4.583756e+02 240 728
4.303333e+02 249 796
4.585829e+02 202 683
4.311052e+02 184 639
4.089529e+02 193 631
4.332004e+02 249 562
4.821977e+02 240 562
5.098317e+02 238 724
6.794489e+02 740 1190
1.035928e+03 566 1060
9.590646e+02 355 822
8.885134e+02 262 733
7.336060e+02 576 683
1.136977e+03 796 647
1.537235e+03 907 623
1.683776e+03 682 612
1.522984e+03 640 636
1.421155e+03 558 620
1.256532e+03 678 707
1.088080e+03 768 733
1.417047e+03 957 764
1.870668e+03 888 722
2.575957e+03 844 768
2.226310e+03 726 891
1.872851e+03 738 985
1.820968e+03 808 1260
2.055296e+03 701 1600
1.987429e+03 594 1160
1.532044e+03 484 835
1.521330e+03 438 802
1.313852e+03 416 778
1.185054e+03 367 663
1.170772e+03 402 721
1.675866e+03 637 1290
2.034897e+03 710 1760
3.046969e+03 1270 2600
5000 1380 2240
5000 1010 1880
5000 1050 1540
5000 1660 1780
5000 2200 2590
5000 2310 2680
5000 2960 3070
5000 3020 3090
5000 2720 2820
5000 1990 2600
5000 1930 2390
5000 2440 2380
5000 2310 3070
5000 2400 4300
5000 2480 4490
5000 1870 4170
5000 1840 4730
5000 2380 5430
5000 2600 5850
5.220830e+03 2570 5840
1.132562e+04 2740 5230
1.183885e+04 2460 4620
8.945689e+03 2190 4330
7.434993e+03 2060 4790
7.298254e+03 1830 4900
6.605115e+03 1650 4410
5.787923e+03 1610 3520
5.829035e+03 1550 2880
5.133866e+03 1350 2330
5000 1280 2000
5000 1160 1850
5000 1390 1750
5000 1400 1560
5000 1450 1650
5000 2050 3110
1.113606e+04 2630 5260
9.801573e+03 2380 5360
7.281363e+03 1980 4410
6.174441e+03 1660 3510
5000 1720 3160
5.628091e+03 1360 2690
5000 1250 2500
5000 1120 2220
5000 1060 1980
5000 1210 2340
5000 1120 2080
5000 1080 1810
5000 1210 1670
5000 1390 2110
5000 1340 2110
5.168746e+03 1230 1940
5000 1150 1740
5000 1570 2480
5000 1830 2880
5.000381e+03 1650 3200
6.316133e+03 1440 3400
6.588335e+03 1250 2480
6.715583e+03 1120 2220
5.512688e+03 1100 1980
5000 1080 1720
5000 1130 1620
5000 991 1500
5000 887 1320
5000 831 1200
5000 889 1480
5000 839 1520
5000 784 1470
5000 765 1370
5000 974 1490
5000 1770 1790
5000 1360 1520
5000 1290 1230
5000 1040 1140
5000 924 1020
5000 869 1020
5000 951 1420
5000 1540 2190
5000 1060 1720
5000 947 1280
5000 859 1060
5000 787 990
5000 734 920
5000 715 871
3.091451e+03 673 813
2.318421e+03 642 736
2.212719e+03 1610 779
2.673696e+03 1950 882
2.521507e+03 1420 895
2.260490e+03 1030 870
2.028685e+03 904 792
1.901430e+03 854 801
1.768659e+03 885 801
1.647120e+03 769 720
1.549467e+03 721 675
1.514238e+03 699 639
1.440002e+03 686 651
1.362374e+03 648 639
1.340742e+03 626 596
1.240509e+03 627 562
1.377596e+03 641 562
1.458359e+03 632 540
1.281484e+03 591 532
1.166479e+03 547 518
1.115574e+03 520 503
1.081693e+03 496 547
9.665394e+02 482 577
1.011734e+03 489 532
1.010499e+03 577 551
1.010144e+03 577 639
9.673109e+02 508 623
1.004835e+03 486 695
9.515394e+02 496 741
9.126979e+02 528 663
9.990861e+02 489 728
1.063833e+03 474 728
9.934466e+02 480 728
9.774607e+02 548 762
1.059745e+03 505 695
1.067048e+03 558 562
9.893869e+02 558 496
9.563514e+02 492 503
9.518281e+02 480 511
1.021031e+03 512 489
1.030267e+03 486 458
1.008712e+03 489 472
9.455335e+02 508 464
9.131057e+02 471 440
8.560565e+02 447 426
8.439093e+02 427 419
8.169113e+02 414 458
8.119892e+02 405 440
7.849343e+02 397 408
7.572063e+02 538 454
8.247159e+02 680 679
1.056375e+03 828 814
1.238424e+03 769 623
1.244532e+03 673 532
1.128781e+03 551 472
1.039203e+03 480 433
8.560297e+02 444 458
7.513190e+02 424 405
7.475309e+02 411 402
7.208024e+02 397 419
6.903196e+02 384 408
6.972137e+02 379 388
6.657259e+02 372 370
6.360098e+02 364 405
6.125011e+02 364 391
6.420555e+02 364 381
6.470012e+02 359 377
6.206499e+02 349 370
5.888514e+02 344 381
5.590459e+02 339 370
5.241167e+02 339 360
5.667640e+02 335 340
5.626590e+02 325 330
5.201714e+02 316 343
5.492485e+02 314 317
5.512080e+02 309 305
5.332555e+02 307 317
5.295127e+02 311 305
5.063580e+02 314 305
5.260439e+02 320 343
5.431048e+02 318 314
5.337719e+02 354 294
5.189787e+02 320 299
5.339495e+02 302 305
5.097716e+02 300 305
4.907056e+02 307 282
5.250996e+02 323 288
5.542278e+02 332 288
5.156082e+02 311 280
5.023559e+02 297 294
4.750398e+02 293 266
4.636167e+02 288 260
4.574801e+02 286 255
4.400460e+02 279 255
4.157993e+02 279 250
4.273370e+02 275 260
4.235361e+02 270 250
4.103352e+02 266 252
4.029747e+02 264 244
4.058414e+02 261 234
4.194857e+02 257 247
4.091694e+02 253 234
4.126096e+02 253 247
4.064781e+02 251 263
4.040011e+02 251 252
4.018638e+02 249 244
3.976878e+02 253 234
4.071684e+02 266 237
4.191554e+02 277 242
4.340004e+02 275 234
4.396975e+02 243 235
4.206842e+02 235 259
4.038169e+02 233 244
3.939769e+02 231 220
4.146464e+02 245 230
4.490826e+02 260 230
4.333559e+02 245 226
3.932207e+02 235 226
3.838053e+02 228 226
3.810953e+02 224 230
3.767544e+02 224 230
4.217963e+02 236 235
4.119709e+02 260 249
4.070064e+02 461 249
4.988723e+02 439 244
5.979554e+02 371 249
5.217846e+02 328 244
5.062702e+02 352 249
5.445352e+02 326 261
5.413053e+02 306 249
4.876748e+02 272 244
4.750873e+02 260 332
4.422651e+02 252 320
4.264085e+02 245 275
4.076011e+02 242 235
3.879443e+02 233 226
3.694674e+02 228 239
3.812415e+02 224 254
3.675382e+02 218 244
3.614575e+02 216 226
3.889065e+02 215 235
3.668957e+02 215 239
3.406195e+02 211 235
3.423148e+02 208 218
3.121793e+02 202 222
2.686090e+02 199 286
2.774335e+02 193 320
3.625857e+02 193 314
2.702981e+02 193 244
3.534102e+02 194 204
2.726424e+02 194 201
2.671997e+02 193 201
2.300244e+02 192 201
3.154679e+02 190 204
3.258173e+02 190 204
3.337813e+02 193 206
3.524536e+02 199 259
2.794888e+02 199 222
3.005059e+02 199 214
3.428760e+02 202 207
3.123408e+02 202 201
3.035520e+02 202 206
2.939006e+02 199 207
2.854253e+02 196 209
2.744398e+02 193 218
2.613075e+02 190 216
2.710589e+02 187 213
2.795630e+02 184 198
2.684795e+02 179 198
2.738354e+02 177 197
2.746648e+02 177 198
3.204826e+02 196 230
2.966372e+02 204 235
3.246704e+02 210 226
3.590895e+02 210 211
3.383727e+02 193 207
3.067716e+02 182 220
2.827204e+02 176 232
2.530082e+02 171 239
2.159693e+02 168 235
2.110060e+02 166 244
2.174113e+02 163 269
2.050114e+02 163 269
2.078520e+02 162 230
2.250496e+02 163 222
2.143317e+02 168 230
2.012763e+02 171 230
2.067769e+02 164 259
2.140575e+02 159 275
1.940757e+02 155 272
1.812027e+02 153 220
1.839070e+02 151 218
1.754272e+02 150 224
1.736986e+02 153 224
1.739132e+02 156 254
1.953402e+02 160 254
2.072049e+02 155 244
2.034981e+02 150 254
2.109773e+02 150 286
1.967500e+02 150 294
1.848211e+02 150 317
1.920702e+02 153 320
1.799133e+02 155 345
1.813994e+02 156 358
1.825393e+02 158 326
1.971109e+02 158 280
1.956076e+02 163 314
2.094184e+02 160 314
2.034230e+02 168 336
2.337452e+02 187 391
2.125615e+02 168 326
1.836746e+02 166 371
2.202272e+02 200 473
2.542497e+02 184 432
2.412528e+02 164 418
2.866519e+02 193 411
3.545563e+02 280 446
3.904810e+02 384 504
4.499611e+02 264 500
5.076749e+02 193 471
5.520612e+02 190 672
3.889298e+02 207 831
3.120650e+02 179 624
2.358161e+02 171 656
1.960653e+02 161 618
1.810632e+02 261 640
4.046408e+02 651 1600
6.470357e+02 472 1370
4.960294e+02 430 1000
4.326250e+02 324 795
3.502799e+02 252 596
3.465197e+02 215 495
2.856148e+02 195 484
2.972839e+02 202 457
2.835504e+02 218 572
3.301619e+02 257 718
4.133709e+02 320 701
5.883016e+02 340 564
6.023303e+02 352 537
8.947985e+02 594 549
1.023133e+03 431 572
8.749062e+02 358 580
6.691547e+02 279 530
4.539680e+02 248 493
4.696586e+02 238 485
4.157765e+02 233 718
4.116626e+02 242 769
4.389655e+02 284 668
5.216022e+02 254 504
4.706090e+02 234 482
4.281570e+02 225 444
4.437130e+02 230 454
3.912165e+02 222 721
3.276788e+02 368 1630
5.109363e+02 403 1910
6.726451e+02 526 1920
8.865500e+02 661 1670
1.248655e+03 907 1690
2.182561e+03 1450 1260
3.961172e+03 1240 981
4.032267e+03 1160 832
3.527146e+03 940 767
2.958015e+03 714 777
2.428147e+03 796 1070
2.658074e+03 824 1900
2.577546e+03 628 1530
2.136321e+03 534 1250
1.859057e+03 479 1020
1.603346e+03 489 882
1.417222e+03 492 840
2.025973e+03 601 866
2.775911e+03 804 868
3.362806e+03 866 906
3.709773e+03 743 1180
3.581743e+03 852 1380
4.014216e+03 804 2070
4.146526e+03 632 2220
3.659025e+03 581 1900
2.954667e+03 604 2290
2.992649e+03 764 2040
3.358244e+03 842 1770
3.591663e+03 708 1340
3.326974e+03 621 1160
3.010787e+03 799 1310
3.176875e+03 621 989
2.797375e+03 537 1020
2.997941e+03 601 1140
3.189558e+03 716 1250
3.613616e+03 1060 1910
3.707184e+03 871 2100
3.431442e+03 670 2310
2.948273e+03 918 2540
3.096211e+03 1050 2750
4.083846e+03 918 2520
5000 1040 2550
4.953520e+03 886 2100
4.780091e+03 795 1780
4.319250e+03 667 1510
3.860432e+03 575 1450
3.472702e+03 604 1470
3.680869e+03 739 1360
3.965120e+03 683 1420
3.984263e+03 950 1390
4.864323e+03 1920 1660
5000 1760 1820
5000 1360 2190
5000 1400 2700
5000 1780 2740
5000 2690 2610
5000 2420 2440
5000 1890 2420
5000 1980 2260
5000 1690 1930
5000 1460 1720
5000 1340 1580
5000 1480 1660
5.605414e+03 1390 1460
6.875546e+03 1550 1420
6.082933e+03 1480 1410
6.318897e+03 1490 1330
5.636421e+03 1240 1140
5000 1090 1040
5000 944 971
5000 847 914
5000 964 994
5000 1260 984
5000 1120 1040
5000 1130 1300
5000 959 1350
5000 816 1220
5000 896 1020
5000 857 1060
5000 988 1260
5000 954 1350
5000 1120 1500
5000 1450 2030
5000 1360 1960
5000 1550 2060
5000 1960 2620
5000 2530 3230
5000 2720 2830
5000 2610 2370
5000 2070 2020
5000 1880 1700
5000 2110 1790
5000 2280 1620
5000 2300 1530
5000 1870 2120
5000 2760 2860
5000 2840 3780
5000 2640 4220
5000 2900 4940
5000 2390 4570
5000 2970 5080
7.043292e+03 3620 4760
9.330047e+03 3190 4640
8.338580e+03 2680 4360
7.428554e+03 2720 4010
6.837633e+03 2990 3650
6.270553e+03 2420 3230
5.358279e+03 2260 2900
5000 2290 2400
5000 2080 2050
5000 1990 1840
5000 1920 1700
5000 1860 1700
5000 1680 1720
5000 1530 1460
5000 1700 1360
5000 1910 1290
5000 1680 1220
5000 1420 1190
5000 1710 1290
5000 1590 1220
5000 1770 1120
5000 1460 1060
5000 1480 979
5000 1650 926
5000 1420 873
5000 1190 823
5000 1050 807
5000 1000 797
5000 1280 781
3.221002e+03 1260 836
2.301584e+03 973 791
1.987099e+03 886 795
1.796878e+03 824 730
1.727884e+03 775 804
1.651052e+03 730 813
1.550598e+03 714 778
1.521685e+03 731 735
1.698529e+03 752 765
1.863376e+03 696 831
1.682928e+03 809 1080
2.165121e+03 1030 1250
2.360883e+03 876 1480
2.303280e+03 781 1300
1.966222e+03 764 1160
1.862087e+03 822 1060
1.746653e+03 1070 1050
1.677819e+03 1040 975
1.551181e+03 760 886
1.400783e+03 682 813
1.364617e+03 652 713
1.325720e+03 642 684
1.257551e+03 608 692
1.245052e+03 591 705
1.177358e+03 580 646
1.214848e+03 618 658
1.282613e+03 1330 775
1.259387e+03 2170 952
2.036093e+03 2860 1310
5000 1980 1950
5000 1620 1660
4.346319e+03 2080 1440
3.558427e+03 3080 1500
4.941165e+03 2720 1390
4.691074e+03 2640 1180
4.134814e+03 2240 1040
3.590133e+03 1930 925
3.127125e+03 1790 865
2.801573e+03 1630 856
2.309053e+03 1460 893
2.380945e+03 1380 886
2.187985e+03 2770 872
3.193585e+03 1910 1090
3.162545e+03 1520 1130
2.583872e+03 1290 991
2.075471e+03 1140 859
1.800949e+03 1040 744
1.657838e+03 978 722
1.559673e+03 928 714
1.502932e+03 888 670
1.443870e+03 860 662
1.355653e+03 833 621
1.316018e+03 812 588
1.375828e+03 780 553
1.250608e+03 750 532
1.193201e+03 718 524
1.141069e+03 695 544
1.118943e+03 668 538
1.084087e+03 659 522
1.074055e+03 657 528
1.021315e+03 631 524
1.091596e+03 644 489
1.104703e+03 659 457
1.058623e+03 615 432
1.038238e+03 594 432
9.753973e+02 601 504
1.049893e+03 644 473
1.099821e+03 746 568
1.099949e+03 738 564
1.121350e+03 644 530
1.077658e+03 601 504
9.796216e+02 570 442
9.300389e+02 547 425
9.086460e+02 528 432
8.668798e+02 516 439
8.477367e+02 509 394
8.208616e+02 506 464
9.484393e+02 503 482
8.284812e+02 494 460
7.725889e+02 485 453
7.636234e+02 478 422
7.396777e+02 466 398
7.185420e+02 454 377
6.982151e+02 448 394
6.709993e+02 436 391
6.560442e+02 424 398
6.374962e+02 412 401
6.677663e+02 406 391
6.693571e+02 400 368
6.555715e+02 389 361
6.444819e+02 386 354
6.484117e+02 377 348
6.495429e+02 383 347
6.356249e+02 379 347
6.387407e+02 375 340
6.253941e+02 371 334
6.144308e+02 373 334
6.255188e+02 366 347
6.144667e+02 358 354
5.970422e+02 354 368
5.991487e+02 366 368
6.139984e+02 362 386
5.897856e+02 352 412
6.041818e+02 350 412
5.869601e+02 346 420
5.820033e+02 344 427
5.592114e+02 338 442
5.384078e+02 334 457
5.110548e+02 328 454
4.675732e+02 322 481
4.764232e+02 322 465
5.359444e+02 324 427
5.388327e+02 332 420
5.111771e+02 334 420
5.103388e+02 334 390
4.958540e+02 346 397
5.486589e+02 368 397
5.709792e+02 354 368
5.702818e+02 338 412
5.487159e+02 340 383
5.353869e+02 340 376
5.173070e+02 340 354
4.978597e+02 346 347
4.780187e+02 424 401
6.503515e+02 615 427
9.064838e+02 485 379
7.487488e+02 429 347
7.033486e+02 410 320
5.585290e+02 406 291
5.410601e+02 383 267
5.004234e+02 371 279
5.179262e+02 371 262
5.129935e+02 482 270
5.500312e+02 419 317
5.272194e+02 381 334
5.078345e+02 360 314
4.830263e+02 346 340
4.452623e+02 334 372
4.379538e+02 328 383
4.273041e+02 330 372
4.434675e+02 330 376
4.409980e+02 346 379
4.958368e+02 457 354
5.415322e+02 381 386
5.404410e+02 338 390
5.258835e+02 318 397
4.718412e+02 306 383
4.299360e+02 298 347
3.758564e+02 298 368
3.617152e+02 310 310
3.348554e+02 386 337
4.168584e+02 511 394
5.472871e+02 565 405
6.418018e+02 715 484
7.117360e+02 578 531
7.318649e+02 465 457
6.408028e+02 434 412
5.113276e+02 449 390
5.388691e+02 462 390
5.040658e+02 412 405
4.798050e+02 388 397
4.763830e+02 377 412
4.575937e+02 375 427
4.236987e+02 362 465
4.068211e+02 354 481
4.162068e+02 344 488
3.975430e+02 336 450
3.779276e+02 326 420
3.509166e+02 318 347
3.217769e+02 312 320
2.920245e+02 306 307
2.692175e+02 302 340
2.982617e+02 296 454
3.493519e+02 288 535
3.377065e+02 280 477
3.108529e+02 276 473
2.817585e+02 274 559
2.612775e+02 274 516
2.425633e+02 274 512
2.649517e+02 274 504
3.169748e+02 270 473
3.098710e+02 262 465
2.885977e+02 264 450
2.824746e+02 298 397
3.020775e+02 383 473
4.074240e+02 375 481
4.591107e+02 318 465
4.241354e+02 296 551
3.570946e+02 282 520
3.064629e+02 302 488
2.719489e+02 346 488
3.033209e+02 338 481
3.038045e+02 342 461
3.132020e+02 379 520
4.106260e+02 473 535
4.600323e+02 348 543
4.600093e+02 336 496
4.315157e+02 320 481
4.197537e+02 322 504
4.028369e+02 350 488
3.936948e+02 346 438
3.725469e+02 310 454
3.821279e+02 292 347
3.962803e+02 276 376
3.448042e+02 270 397
3.228662e+02 358 524
3.015963e+02 392 539
3.360681e+02 302 465
3.239127e+02 266 420
3.731149e+02 254 397
3.495313e+02 282 383
3.569868e+02 360 496
4.275014e+02 383 386
4.470852e+02 392 327
5.652454e+02 342 361
5.615098e+02 338 461
5.889215e+02 322 477
5.612026e+02 352 406
5.567853e+02 383 420
6.188973e+02 460 532
6.310774e+02 449 634
5.533953e+02 375 898
6.221947e+02 356 863
6.776056e+02 401 680
6.451265e+02 390 526
6.485973e+02 514 437
5.926223e+02 488 416
7.403113e+02 460 419
6.204444e+02 425 585
6.414931e+02 666 908
7.280272e+02 1180 1290
1.115430e+03 1300 908
2.151337e+03 1170 778
3.282741e+03 944 658
2.551523e+03 810 538
1.781291e+03 664 498
1.326004e+03 558 448
1.073892e+03 498 449
8.766967e+02 496 522
8.690788e+02 493 490
8.839783e+02 708 494
1.184531e+03 765 512
1.409200e+03 729 1010
1.495943e+03 645 1390
1.719606e+03 720 1340
1.776861e+03 867 873
1.700757e+03 790 743
1.745797e+03 667 831
1.451102e+03 694 870
1.222421e+03 561 830
1.074701e+03 510 694
9.858923e+02 478 712
1.060035e+03 464 675
9.852318e+02 898 1000
1.736410e+03 1020 1330
2.351436e+03 789 1370
2.492848e+03 1600 1490
3.748519e+03 1860 1230
5000 1420 1040
5000 1340 875
5000 1340 801
5000 1110 766
4.899022e+03 948 714
3.286645e+03 846 700
2.769147e+03 798 608
2.506250e+03 777 724
2.580138e+03 823 1140
2.872031e+03 814 992
2.958894e+03 812 760
2.874221e+03 1230 2040
2.799997e+03 1480 2580
3.188134e+03 1190 2280
3.943655e+03 1070 1830
4.103428e+03 1000 1410
3.588221e+03 1080 1160
3.439932e+03 873 942
3.212085e+03 845 844
2.855225e+03 788 814
2.463369e+03 826 779
2.584888e+03 952 746
2.852033e+03 743 742
2.827083e+03 932 656
2.921743e+03 1030 651
3.258072e+03 1480 724
4.185271e+03 1900 924
4.309708e+03 1710 1000
4.375436e+03 2180 1140
4.414295e+03 1580 1366
4.190462e+03 1330 1520
3.826924e+03 2250 1330
4.220098e+03 1580 1240
4.618846e+03 1410 1100
4.395333e+03 1570 952
4.210643e+03 2480 1100
5000 2180 1950
5000 2640 2830
5000 3230 5300
5000 3600 6360
5000 3280 6460
5000 2390 5090
5000 2050 3540
5000 1880 2640
5000 1620 2060
5000 1450 1690
5000 1440 1590
5000 1430 1640
5000 1400 1520
5000 1390 1640
5000 1260 1650
5000 1600 2520
5000 1700 2280
5000 1620 2740
5000 2310 3420
5000 2160 3000
5000 1760 2600
5000 1500 2210
5000 1390 1840
5000 1330 1640
5000 1180 1600
5000 1140 1650
5000 1160 1660
5000 1250 2020
5000 1250 2100
5000 1360 2400
5000 1270 2250
5000 1130 1850
5000 1240 1660
5000 1330 1430
5000 1170 1280
5000 1040 1150
5000 944 1090
4.680932e+03 853 1060
3.006660e+03 813 1010
2.368082e+03 1000 1160
2.618709e+03 1160 1260
2.719333e+03 1320 1090
2.805269e+03 2070 969
3.940995e+03 1560 856
4.310617e+03 1850 815
4.352908e+03 1840 729
4.642828e+03 1810 802
4.804614e+03 1890 941
4.430998e+03 1380 833
3.739478e+03 1320 969
3.147321e+03 1180 992
2.828751e+03 1030 802
2.637353e+03 1020 671
3.365656e+03 1280 655
3.917123e+03 1310 631
3.100172e+03 1110 623
2.530310e+03 975 623
2.302194e+03 876 591
2.044249e+03 814 535
1.888818e+03 765 524
1.775712e+03 732 508
1.636331e+03 770 488
1.603335e+03 751 492
1.572473e+03 748 492
1.577834e+03 747 489
1.522403e+03 732 541
1.463718e+03 680 614
1.496679e+03 671 585
1.432812e+03 843 1120
1.551879e+03 981 1560
1.564784e+03 863 1760
1.582742e+03 817 1320
1.773076e+03 761 1310
2.005903e+03 780 1920
2.186864e+03 750 1710
1.975445e+03 742 1830
1.985811e+03 904 3760
2.116986e+03 1840 5020
2.567802e+03 1280 4100
2.412689e+03 1190 2780
2.268339e+03 1050 2050
1.956165e+03 921 1660
1.837827e+03 880 1380
1.711183e+03 760 1250
1.582149e+03 720 1170
1.502279e+03 785 1060
1.393830e+03 734 1010
1.469442e+03 940 1200
1.377257e+03 892 1760
1.400576e+03 781 2110
1.321827e+03 722 1870
1.206578e+03 681 1540
1.223259e+03 656 1340
1.171086e+03 646 1170
1.184556e+03 632 1050
1.216920e+03 611 969
1.169261e+03 608 920
1.276613e+03 642 878
1.378730e+03 598 867
1.315539e+03 571 972
1.368568e+03 692 1050
1.298370e+03 811 956
1.263922e+03 777 856
1.254007e+03 1070 808
1.375784e+03 1040 744
1.257717e+03 828 700
1.159639e+03 730 642
1.088679e+03 663 651
9.899153e+02 615 631
9.614887e+02 575 631
9.817937e+02 549 623
9.092989e+02 527 607
8.955547e+02 514 615
8.773553e+02 502 579
8.578736e+02 488 559
8.522662e+02 482 567
8.150436e+02 471 587
8.043299e+02 460 567
7.941245e+02 468 512
7.911871e+02 454 512
7.618547e+02 442 508
7.534121e+02 434 473
7.296169e+02 429 450
7.014028e+02 436 435
7.217690e+02 442 469
7.561179e+02 424 412
7.375174e+02 422 390
7.179202e+02 429 390
6.766710e+02 415 386
6.363114e+02 406 368
6.674253e+02 397 368
6.407720e+02 392 361
6.544657e+02 388 376
6.227984e+02 397 401
7.561185e+02 479 465
8.471924e+02 462 477
7.815354e+02 663 520
8.659028e+02 601 583
8.332120e+02 473 551
7.789358e+02 429 535
7.298415e+02 408 512
6.993309e+02 397 512
6.428335e+02 388 496
5.724469e+02 379 481
6.255417e+02 375 473
5.788646e+02 366 431
5.939167e+02 379 442
6.124925e+02 442 543
6.178392e+02 388 571
5.624041e+02 379 539
5.606920e+02 371 512
5.815644e+02 366 473
5.719042e+02 360 496
5.235446e+02 356 431
5.495072e+02 350 465
5.299173e+02 346 457
5.200058e+02 344 412
5.192895e+02 342 412
5.340390e+02 338 442
5.097973e+02 330 427
4.814547e+02 326 412
4.804187e+02 326 412
4.729988e+02 324 405
4.566196e+02 322 412
4.875140e+02 292 403
4.928453e+02 290 374
4.715903e+02 290 410
4.519412e+02 292 395
4.505587e+02 290 433
4.679652e+02 339 448
5.313735e+02 433 456
5.959153e+02 348 448
5.788835e+02 321 448
5.034760e+02 294 323
4.532848e+02 282 263
4.552185e+02 282 266
4.586238e+02 277 263
4.524821e+02 273 260
4.435927e+02 277 214
4.595506e+02 294 214
4.741141e+02 294 221
4.569407e+02 286 233
4.235108e+02 284 253
4.616044e+02 282 253
4.754174e+02 277 346
4.181462e+02 273 403
4.287247e+02 271 414
4.296329e+02 269 456
4.227726e+02 265 418
4.186615e+02 258 429
3.911278e+02 252 410
3.839150e+02 248 302
3.853999e+02 246 238
4.000708e+02 246 238
3.928986e+02 244 233
3.409821e+02 242 299
3.758914e+02 240 418
3.724079e+02 240 425
3.585861e+02 244 410
3.887922e+02 244 305
3.398002e+02 236 231
3.684294e+02 232 243
3.695480e+02 228 260
3.556264e+02 224 233
3.494829e+02 228 228
3.470025e+02 246 226
3.192259e+02 284 233
3.610833e+02 275 236
3.916475e+02 261 236
3.748064e+02 252 243
3.500182e+02 254 233
3.799165e+02 248 238
3.301238e+02 242 226
3.086704e+02 234 224
3.381043e+02 232 219
3.472883e+02 232 226
3.777065e+02 230 224
3.693694e+02 228 226
3.456046e+02 224 216
3.109897e+02 234 284
2.960414e+02 597 687
3.202258e+02 482 894
3.912824e+02 373 683
3.946421e+02 330 566
3.436205e+02 308 496
3.460273e+02 299 488
3.488565e+02 290 500
3.240326e+02 277 456
3.154633e+02 273 460
3.115725e+02 261 504
2.748439e+02 252 504
2.713942e+02 258 545
3.629839e+02 286 545
3.914823e+02 352 562
3.704858e+02 414 570
5.054529e+02 466 587
6.155173e+02 446 604
5.887985e+02 387 583
5.398020e+02 350 579
5.185778e+02 327 529
4.697385e+02 308 488
4.271943e+02 294 480
4.363142e+02 330 480
4.389391e+02 375 537
4.040860e+02 294 520
3.370804e+02 269 496
3.106727e+02 256 488
2.674632e+02 244 464
2.336611e+02 256 464
2.809059e+02 330 480
3.728434e+02 339 448
4.135488e+02 290 360
4.038997e+02 299 418
3.655137e+02 280 512
3.046131e+02 286 488
3.013278e+02 310 488
3.338543e+02 271 488
3.952050e+02 265 496
3.701329e+02 250 403
3.344296e+02 236 472
3.383967e+02 232 456
3.110516e+02 222 374
3.010444e+02 212 381
3.145441e+02 204 399
2.970644e+02 200 433
2.350594e+02 224 480
2.172128e+02 230 570
2.013934e+02 200 516
2.004011e+02 189 468
2.143589e+02 186 444
2.062694e+02 186 516
2.018045e+02 186 480
2.076411e+02 186 516
2.021993e+02 182 496
2.077548e+02 172 433
2.008077e+02 163 425
1.859890e+02 161 360
1.746020e+02 161 425
1.926898e+02 210 388
2.320803e+02 569 596
3.160596e+02 418 804
3.687180e+02 433 727
4.194832e+02 436 648
4.447773e+02 402 604
4.627403e+02 380 529
3.824496e+02 378 583
3.664616e+02 406 591
4.188337e+02 443 480
5.407339e+02 411 516
5.900634e+02 604 1210
6.398704e+02 433 866
7.539105e+02 348 661
7.511256e+02 319 541
6.434979e+02 336 496
6.524016e+02 343 516
1.035265e+03 492 508
1.245168e+03 426 370
9.637396e+02 375 323
7.616676e+02 346 330
6.821409e+02 934 364
1.642051e+03 923 339
1.825756e+03 711 384
1.375124e+03 674 395
1.369338e+03 818 388
1.542868e+03 628 374
1.636969e+03 733 392
1.703223e+03 918 570
1.653924e+03 880 619
1.609823e+03 643 692
1.500274e+03 826 1800
1.735096e+03 2390 2830
2.066189e+03 1800 2260
2.581668e+03 1430 1500
3.365296e+03 1550 1140
4.152037e+03 2080 1080
5000 2420 947
5000 3660 778
5000 5160 771
5000 6210 1450
5000 4080 2010
5000 2920 2260
5000 2470 2150
5000 2160 2230
5000 1830 2060
5000 1430 1620
5000 1400 1440
5000 1740 1680
5000 2610 1780
5000 2350 1880
5000 1730 1560
5000 1280 1280
5000 1020 1110
4.827152e+03 962 1210
3.194029e+03 838 1120
2.507473e+03 776 1030
2.195916e+03 1270 1410
2.371883e+03 1760 2020
3.353342e+03 1320 1700
3.237014e+03 1010 1320
2.705010e+03 844 1270
2.323990e+03 970 1310
3.047566e+03 810 1200
2.597781e+03 952 1220
2.577996e+03 973 2250
3.293734e+03 1900 3020
4.271738e+03 2230 2900
4.838103e+03 1920 2420
5000 1610 2120
4.521112e+03 2570 5530
5000 4070 8340
5000 2410 8170
5000 1980 6440
5000 1680 4430
5000 2630 4040
5000 2590 4170
4.675574e+03 2020 3780
4.257831e+03 1740 3140
3.661150e+03 1470 2540
3.225905e+03 1530 2530
3.467400e+03 1760 3100
4.177865e+03 1920 3060
5000 1650 3190
5000 1550 3030
5000 1470 2720
5000 1530 2480
5000 1880 2400
5000 2240 2420
5000 1790 2700
5000 1540 2840
5000 1900 2880
5000 1870 2980
5000 1720 2900
5000 2210 3150
5000 2100 3200
5000 2460 3450
5000 2320 3410
5000 2070 3480
5000 2840 3860
5000 3800 4080
5000 2800 4100
5000 2360 3930
5000 1880 3460
5000 1680 2900
5000 1500 2450
5000 1350 2070
5000 1270 1840
5000 1780 1690
5000 2250 1830
5000 2150 2440
5000 2890 3500
5000 2740 3770
5000 2580 3360
5000 2210 2870
5000 1700 2420
5000 1560 2140
5000 1620 1960
5000 1600 1870
5000 1420 1780
4.509834e+03 1890 1650
3.174626e+03 1580 1500
2.658566e+03 1620 1520
2.803446e+03 1600 2280
2.615827e+03 1370 2240
2.754112e+03 1350 1900
2.520439e+03 1170 1660
2.320718e+03 1020 1480
2.199137e+03 974 1350
2.055180e+03 976 1300
2.243778e+03 967 1280
2.739609e+03 1070 1180
2.846714e+03 1320 1140
2.729409e+03 1500 1010
3.007578e+03 1430 948
2.703068e+03 1350 941
2.425272e+03 1160 906
2.381636e+03 1540 973
2.814897e+03 1740 1310
2.832775e+03 1330 1300
2.590796e+03 1070 1100
2.333847e+03 884 1010
2.124577e+03 796 968
2.013779e+03 770 870
1.747583e+03 742 828
1.697316e+03 746 809
1.706349e+03 817 800
2.058627e+03 817 818
1.962037e+03 912 795
1.805332e+03 912 928
1.778745e+03 967 953
1.878631e+03 1150 978
2.306910e+03 1180 904
2.210831e+03 912 828
2.195996e+03 813 709
1.929646e+03 756 722
1.711973e+03 733 736
1.653594e+03 726 670
1.586939e+03 707 634
1.533569e+03 692 626
1.459810e+03 689 639
1.388728e+03 674 626
1.403877e+03 805 791
1.412511e+03 835 818
1.551733e+03 1220 718
1.578986e+03 1050 634
1.458639e+03 967 674
1.430409e+03 1530 1210
2.058967e+03 1270 1050
2.138754e+03 1140 828
1.973705e+03 996 732
1.667680e+03 864 709
1.485591e+03 833 665
1.348433e+03 823 621
1.349549e+03 818 591
1.371235e+03 760 562
1.475757e+03 1040 875
1.749405e+03 869 963
1.892264e+03 838 781
2.011721e+03 784 705
1.717080e+03 789 613
1.804620e+03 818 570
1.790647e+03 765 562
1.786625e+03 821 528
1.710690e+03 880 552
1.624738e+03 1560 885
2.397633e+03 2950 1660
4.050850e+03 2300 1400
4.377845e+03 1820 1150
3.976289e+03 1720 956
3.911275e+03 1550 880
3.611254e+03 1600 845
3.522764e+03 2140 794
3.974450e+03 2180 885
3.814603e+03 1790 988
3.247995e+03 1500 1310
2.755886e+03 1380 1060
2.716086e+03 1180 875
2.576439e+03 1080 768
2.118198e+03 1020 692
1.960667e+03 1020 639
2.093368e+03 1050 596
2.318865e+03 952 587
1.833259e+03 870 562
1.693488e+03 826 537
1.634030e+03 977 520
1.698816e+03 951 480
1.618472e+03 817 472
1.448638e+03 753 456
1.378391e+03 707 444
1.329685e+03 674 433
1.296437e+03 649 464
1.286868e+03 631 448
1.168029e+03 613 421
1.162311e+03 603 395
1.073068e+03 593 367
1.103643e+03 588 388
1.041938e+03 578 388
1.040558e+03 568 388
1.021644e+03 558 441
9.421341e+02 553 410
9.591308e+02 538 388
9.312629e+02 531 384
9.303635e+02 524 388
9.870785e+02 519 364
9.250635e+02 507 384
8.623470e+02 495 360
8.799042e+02 490 356
8.123159e+02 486 353
8.348805e+02 478 353
7.608995e+02 469 350
7.388937e+02 466 346
7.532129e+02 464 339
7.836848e+02 457 353
7.831971e+02 457 330
7.431750e+02 457 326
7.288069e+02 454 308
7.118522e+02 447 311
7.126696e+02 445 314
7.328458e+02 438 308
6.553287e+02 435 314
7.013859e+02 442 317
7.217641e+02 447 323
7.105373e+02 438 317
6.916381e+02 433 350
6.363463e+02 428 314
6.104614e+02 418 320
6.322102e+02 406 336
6.477283e+02 404 302
6.329662e+02 399 284
6.166103e+02 399 290
6.062052e+02 351 289
6.231512e+02 351 305
5.781766e+02 347 339
5.232134e+02 340 332
5.522606e+02 340 349
5.670306e+02 338 349
5.449314e+02 336 322
5.464046e+02 334 318
5.646330e+02 334 298
5.499387e+02 338 277
5.385876e+02 338 292
5.538369e+02 379 322
6.508087e+02 487 349
7.428154e+02 407 359
7.222938e+02 360 345
6.166828e+02 351 325
5.649200e+02 338 298
5.471726e+02 330 298
5.206993e+02 321 325
5.130795e+02 317 302
4.916577e+02 315 298
4.990232e+02 309 286
4.890362e+02 307 274
4.769035e+02 313 280
5.168540e+02 384 318
5.660980e+02 532 438
6.472160e+02 509 391
7.204161e+02 450 395
7.129980e+02 389 395
6.204168e+02 365 342
5.731165e+02 356 342
5.616387e+02 351 322
5.326969e+02 370 388
5.407467e+02 384 402
5.316688e+02 379 391
5.091151e+02 362 366
5.282618e+02 342 345
4.946032e+02 334 295
4.720962e+02 325 318
5.026512e+02 321 283
4.530474e+02 313 286
4.544380e+02 311 292
4.911591e+02 309 342
4.661197e+02 305 280
4.261527e+02 301 332
3.875866e+02 295 286
3.964271e+02 289 266
4.238977e+02 289 286
4.168488e+02 289 298
3.955913e+02 289 289
3.987311e+02 289 308
4.217122e+02 309 305
3.934302e+02 516 417
4.735995e+02 447 500
5.636186e+02 379 409
5.183111e+02 332 399
4.767835e+02 309 395
4.619820e+02 293 453
4.392053e+02 282 402
4.276643e+02 274 377
3.709295e+02 273 345
3.417806e+02 271 366
3.184351e+02 274 345
3.138522e+02 280 366
3.054114e+02 278 373
3.521219e+02 293 402
3.555960e+02 351 438
3.601567e+02 330 402
3.806982e+02 356 399
3.802009e+02 338 384
3.565561e+02 317 352
3.939053e+02 305 381
3.761684e+02 289 395
3.703511e+02 282 366
3.487358e+02 271 413
3.232857e+02 260 352
3.067022e+02 257 352
3.225821e+02 271 377
3.207432e+02 387 445
3.885826e+02 405 456
4.857355e+02 319 431
4.830752e+02 301 438
4.239112e+02 260 456
3.848049e+02 250 325
3.464864e+02 243 424
3.098191e+02 250 388
2.885827e+02 267 370
3.073964e+02 243 377
3.042654e+02 237 370
2.969547e+02 295 356
3.019722e+02 549 633
3.874529e+02 432 868
4.248756e+02 367 677
4.441929e+02 325 558
4.483286e+02 276 558
4.139102e+02 260 474
3.833507e+02 246 474
3.482044e+02 237 463
3.067527e+02 230 435
2.877001e+02 227 402
2.608511e+02 230 377
2.759128e+02 301 342
2.510488e+02 377 349
2.787888e+02 276 352
2.725297e+02 250 377
2.992151e+02 248 384
3.026228e+02 253 402
2.936332e+02 243 453
2.931822e+02 240 642
2.880672e+02 229 590
2.851707e+02 229 474
2.672448e+02 253 453
2.335983e+02 264 467
2.524009e+02 243 467
2.791780e+02 358 467
3.011286e+02 347 523
3.644205e+02 345 582
3.833497e+02 389 542
4.236946e+02 365 853
4.260486e+02 379 878
4.616227e+02 330 643
4.334044e+02 340 602
4.423747e+02 374 671
4.235913e+02 288 651
3.526650e+02 506 692
3.828149e+02 407 1000
3.523232e+02 342 904
3.642000e+02 424 833
3.953932e+02 613 940
6.742854e+02 549 865
7.830447e+02 573 1860
8.862781e+02 608 1560
8.640027e+02 749 1150
1.212254e+03 1850 2390
1.882941e+03 1750 5160
3.283829e+03 1180 3410
2.469224e+03 1030 2070
2.313098e+03 895 1540
2.194807e+03 1110 1300
2.397914e+03 1470 1190
2.782549e+03 1380 1030
3.481513e+03 1130 956
2.967670e+03 1060 1040
2.331934e+03 1000 1390
1.949544e+03 1410 3080
1.835921e+03 980 2520
1.810339e+03 808 1580
1.703271e+03 766 1240
1.501533e+03 822 1280
1.393615e+03 762 1210
1.569084e+03 1170 1330
1.822558e+03 1050 1630
1.632722e+03 952 1490
1.521821e+03 1060 1420
1.734176e+03 1050 1400
2.073046e+03 763 1440
2.056633e+03 706 1610
1.939386e+03 848 1720
2.115018e+03 819 2100
2.040227e+03 717 2120
2.025822e+03 897 2240
2.152004e+03 1170 3540
3.489464e+03 1140 3900
3.774715e+03 1190 4030
4.284122e+03 1140 4660
4.998346e+03 933 3860
4.871333e+03 887 3440
5000 1010 4040
5000 772 4130
4.545632e+03 663 3460
3.974731e+03 650 3190
4.455640e+03 567 2460
3.578498e+03 506 2210
3.056120e+03 575 2370
2.788257e+03 542 2300
2.627123e+03 554 2120
2.703950e+03 777 2290
3.560019e+03 1150 2370
4.037162e+03 917 2180
3.705886e+03 819 2370
3.400445e+03 744 2430
3.357398e+03 1320 2950
4.564249e+03 1590 3040
4.999210e+03 1370 2500
4.301842e+03 920 2140
3.621116e+03 854 1900
3.420913e+03 1390 2280
4.351074e+03 1440 2590
4.763370e+03 1110 2400
4.468979e+03 1380 2210
3.935576e+03 1190 1870
3.705133e+03 1220 1560
3.433700e+03 1430 1480
4.128995e+03 1240 1370
4.208050e+03 1070 1220
4.323387e+03 1320 1340
5000 1400 1480
5000 1320 1460
5000 1030 1410
5000 901 1340
5000 1180 1510
5000 1310 3140
5000 1120 3760
5000 1090 3510
5000 977 2900
5000 1150 2890
5000 2620 3470
5000 2190 2920
5000 1620 2380
5000 1550 2290
5000 1360 2140
5000 1460 2890
5000 2820 5960
5000 2700 7340
5000 2150 6800
9.684316e+03 2010 5550
6.825951e+03 1770 4400
5.907525e+03 1690 3460
5.477314e+03 1580 2720
5000 1560 2500
5000 1410 2360
5000 1780 2560
5000 2410 4500
9.286490e+03 2500 5720
1.295426e+04 2280 6050
1.073287e+04 2750 6130
9.886329e+03 3580 5180
9.411899e+03 4600 5490
9.295779e+03 5860 6840
1.190561e+04 5600 6640
1.075966e+04 5760 5660
9.483745e+03 4780 4940
7.732539e+03 3520 4150
6.100081e+03 2920 3510
5.393464e+03 2510 3180
5000 2440 2830
5000 1960 2500
5000 1820 2360
5000 1770 2500
5000 2240 2300
5000 2010 2060
5000 1590 1900
5000 1400 1720
5000 1270 1530
5000 1130 1390
5000 1040 1380
5000 999 1410
5000 1000 1460
5000 938 1400
5000 876 1340
5000 838 1210
5000 782 1220
4.150881e+03 714 1120
2.346317e+03 665 1020
1.797005e+03 635 1000
1.535634e+03 641 975
1.538743e+03 618 1010
1.696317e+03 652 1000
2.001614e+03 957 1040
2.107291e+03 834 959
2.112069e+03 861 829
1.836409e+03 1160 848
1.760627e+03 1240 838
1.738815e+03 913 829
1.682685e+03 831 898
1.787599e+03 759 944
1.841298e+03 682 868
1.569747e+03 632 829
1.411825e+03 610 829
1.303699e+03 593 775
1.247652e+03 758 799
1.263568e+03 754 775
1.430524e+03 752 809
1.647364e+03 754 834
2.005328e+03 975 738
1.973047e+03 1000 705
2.285658e+03 930 633
2.100024e+03 1050 824
2.156981e+03 1230 1130
2.166253e+03 1120 873
2.030760e+03 904 756
1.813006e+03 756 668
1.540239e+03 655 659
1.354904e+03 595 607
1.208977e+03 552 582
1.149171e+03 520 558
1.142640e+03 493 550
1.105151e+03 480 523
1.068723e+03 484 542
1.026902e+03 480 595
1.064717e+03 480 655
1.068479e+03 506 673
1.019710e+03 499 677
9.949905e+02 480 691
9.714955e+02 468 799
1.013161e+03 525 799
1.084976e+03 726 714
1.277280e+03 542 686
1.136782e+03 462 642
1.053613e+03 441 566
9.869443e+02 446 531
9.891205e+02 867 531
1.481147e+03 1580 908
2.285087e+03 817 1200
1.939621e+03 618 928
1.498343e+03 540 733
1.278749e+03 488 616
1.122962e+03 471 616
1.075986e+03 480 550
1.032553e+03 436 497
1.030735e+03 435 538
9.490237e+02 421 515
9.212320e+02 407 508
8.512737e+02 394 453
8.610492e+02 384 445
8.318150e+02 379 442
8.554485e+02 377 435
8.017160e+02 374 445
8.147374e+02 370 435
7.935592e+02 374 420
7.589766e+02 382 409
8.024359e+02 370 402
8.477046e+02 370 424
7.745611e+02 365 474
7.941024e+02 356 471
6.736721e+02 353 435
7.850047e+02 356 395
7.280275e+02 351 373
7.080670e+02 360 377
7.165654e+02 382 453
7.439375e+02 438 471
9.547855e+02 595 527
1.273992e+03 559 445
1.281832e+03 450 417
1.052632e+03 416 395
9.439313e+02 474 395
1.008788e+03 447 406
9.291755e+02 400 388
8.991392e+02 379 395
8.142914e+02 362 373
7.827482e+02 349 388
7.572893e+02 340 381
6.880024e+02 330 352
7.107903e+02 325 352
6.496927e+02 319 352
6.634428e+02 365 332
7.322083e+02 351 366
6.665400e+02 323 325
6.319711e+02 317 325
6.369769e+02 311 342
6.562220e+02 311 352
6.346987e+02 317 311
7.602559e+02 453 311
8.811432e+02 413 315
9.066795e+02 358 298
8.228712e+02 334 305
7.396386e+02 321 298
7.185308e+02 313 298
6.504962e+02 307 332
6.373237e+02 465 345
8.728227e+02 973 607
1.141439e+03 610 980
1.077743e+03 480 829
9.632660e+02 432 616
8.263392e+02 410 508
7.612898e+02 380 449
7.212017e+02 364 431
7.602276e+02 555 484
1.086241e+03 565 592
1.336042e+03 450 638
1.021231e+03 1330 576
1.760303e+03 1640 647
3.601057e+03 1120 798
2.747120e+03 880 743
2.115336e+03 764 638
1.719840e+03 680 571
1.456450e+03 616 531
1.310846e+03 576 453
1.210539e+03 523 484
1.074842e+03 488 476
1.000176e+03 462 461
9.288334e+02 434 446
9.011773e+02 412 397
8.219997e+02 394 386
9.202799e+02 378 364
8.346197e+02 366 368
7.957210e+02 360 353
7.702814e+02 348 371
7.558375e+02 336 371
8.157758e+02 332 357
7.475668e+02 326 329
6.780823e+02 320 336
6.580828e+02 316 350
7.093004e+02 308 323
6.841604e+02 297 319
6.669540e+02 295 313
6.434850e+02 290 307
6.381544e+02 288 336
6.373323e+02 291 346
6.456417e+02 291 350
6.273804e+02 291 323
6.078808e+02 286 285
5.780544e+02 277 323
5.886983e+02 277 394
6.273705e+02 296 431
6.790953e+02 286 343
6.711935e+02 281 336
6.276131e+02 267 343
6.065234e+02 279 401
7.371907e+02 332 523
7.427523e+02 321 555
6.945009e+02 364 457
6.613842e+02 372 379
6.425941e+02 301 364
5.980162e+02 277 360
5.709421e+02 258 350
5.417842e+02 245 339
5.547570e+02 249 343
5.442475e+02 249 336
5.127356e+02 241 371
4.865735e+02 226 350
4.562538e+02 218 379
4.375565e+02 215 405
4.521158e+02 220 431
4.862177e+02 213 423
4.675461e+02 207 382
4.906589e+02 202 394
4.389131e+02 196 379
4.147611e+02 191 438
4.398573e+02 190 453
4.007894e+02 186 420
4.358359e+02 186 472
4.316797e+02 186 323
4.091183e+02 187 195
4.168679e+02 191 262
3.906116e+02 193 446
3.830543e+02 196 423
3.951226e+02 196 412
4.342048e+02 204 492
4.383320e+02 245 442
4.608851e+02 230 371
4.958635e+02 204 551
4.560790e+02 191 613
4.232627e+02 191 596
4.066956e+02 210 571
4.161707e+02 272 547
4.117761e+02 254 555
4.318764e+02 350 547
5.587314e+02 377 476
6.379740e+02 334 476
5.681995e+02 263 507
5.174931e+02 258 523
5.548871e+02 289 496
6.226240e+02 252 547
5.609327e+02 263 621
5.659658e+02 236 630
4.976215e+02 226 563
4.800867e+02 226 523
4.344458e+02 206 468
3.885492e+02 192 511
3.468520e+02 183 438
3.547913e+02 183 357
3.585008e+02 182 332
3.097163e+02 181 343
2.814314e+02 180 316
2.946555e+02 187 224
3.127052e+02 223 360
3.891178e+02 199 431
3.826243e+02 179 357
3.237814e+02 171 397
2.641145e+02 170 408
2.825495e+02 256 446
2.949773e+02 475 496
4.267456e+02 321 423
5.216459e+02 230 580
4.350129e+02 200 664
4.456863e+02 223 681
4.587288e+02 265 703
5.237298e+02 258 630
5.566822e+02 226 621
5.519233e+02 220 600
5.149449e+02 193 515
4.829363e+02 196 379
6.375234e+02 230 488
6.962611e+02 234 716
6.846804e+02 289 600
6.243732e+02 256 472
5.678457e+02 207 472
4.910408e+02 195 423
4.475691e+02 196 405
4.777873e+02 187 488
4.223892e+02 178 488
3.637138e+02 170 446
2.827298e+02 167 465
2.238118e+02 167 382
2.210971e+02 186 400
2.772897e+02 190 594
3.575590e+02 212 767
4.376366e+02 200 756
4.108328e+02 188 1080
3.176571e+02 186 1190
4.047865e+02 206 919
3.657690e+02 186 837
3.189300e+02 212 963
5.119790e+02 432 1170
6.316392e+02 588 1080
7.372979e+02 669 970
9.315092e+02 612 1830
1.037260e+03 599 2300
1.074820e+03 536 2420
1.121240e+03 542 2170
1.184452e+03 487 1940
9.818728e+02 423 2260
7.099130e+02 723 2250
7.598271e+02 949 1750
7.670720e+02 647 1220
7.335485e+02 450 985
6.241953e+02 366 748
5.357466e+02 481 671
4.818019e+02 723 900
7.796317e+02 699 1060
9.080853e+02 920 955
1.151588e+03 783 714
1.250161e+03 761 622
1.178829e+03 797 620
1.457411e+03 830 617
1.516229e+03 699 715
1.362236e+03 1150 1290
1.474591e+03 1470 1530
1.784678e+03 1540 1400
2.158799e+03 1380 1400
2.487254e+03 903 1080
1.962201e+03 711 854
1.953512e+03 633 911
2.043593e+03 699 832
1.649339e+03 707 711
1.379184e+03 903 1180
1.180356e+03 881 1820
1.479216e+03 914 2310
1.771766e+03 779 2450
2.432830e+03 886 2420
2.936458e+03 770 1570
2.732450e+03 665 1140
2.381740e+03 1460 1760
3.541344e+03 1560 2370
5000 1070 2140
5000 1060 2100
5000 1100 2060
5000 1030 2400
5000 934 2270
5000 735 2270
5000 640 2110
5000 657 2150
5000 634 2140
5000 640 2090
5000 587 1720
5000 552 1570
5000 600 1360
4.056713e+03 651 1460
3.824037e+03 812 1530
3.614631e+03 826 1570
3.312220e+03 630 1400
2.926065e+03 536 1140
2.522928e+03 479 1080
2.186121e+03 432 918
1.968110e+03 491 927
2.254325e+03 493 1080
2.165784e+03 536 1480
2.710039e+03 2730 1200
4.127237e+03 2560 1150
3.623561e+03 1110 1060
4.176521e+03 1450 1520
4.834199e+03 1720 3800
5000 1690 4130
5000 1850 3260
5000 1640 2600
4.824087e+03 1270 2230
4.116124e+03 1040 1740
3.485050e+03 984 1590
3.445845e+03 1100 1720
3.285004e+03 903 1570
2.868379e+03 776 1310
2.712855e+03 692 1080
2.340491e+03 691 960
2.204828e+03 700 1040
2.279729e+03 634 1250
2.764200e+03 779 1540
3.309583e+03 976 1760
3.694454e+03 1030 1900
3.869325e+03 1110 2140
3.727371e+03 1030 2430
3.437252e+03 986 2040
3.036831e+03 1210 2000
2.982114e+03 1620 2620
4.127208e+03 1580 1940
4.285875e+03 1620 1550
3.847265e+03 1160 1330
3.350691e+03 907 1160
2.937138e+03 802 1120
2.697037e+03 875 1150
2.798852e+03 914 1200
3.191365e+03 1150 1180
3.667549e+03 1200 1250
3.975529e+03 2800 2920
5000 2040 3120
5000 1500 2450
5000 1500 2450
5000 1620 2060
5000 1350 2440
5000 1200 2070
5000 1780 1860
5000 1620 1730
5000 1720 1600
5000 1270 1590
5000 1140 1510
5000 1100 1440
5000 2420 1490
5000 3420 2050
5000 2440 2270
5000 1620 1980
4.092661e+03 1350 1610
3.179183e+03 1220 1390
2.873530e+03 1090 1210
2.536294e+03 994 1100
2.246942e+03 908 1020
2.192146e+03 904 1100
2.247592e+03 955 1470
2.085507e+03 863 1110
2.038855e+03 796 951
1.847383e+03 1040 1080
1.934708e+03 1470 1040
1.981207e+03 1970 1620
2.457504e+03 1460 1300
2.487769e+03 1060 1000
2.062053e+03 902 877
1.832695e+03 810 791
1.610002e+03 748 746
1.545905e+03 712 788
1.669891e+03 702 1140
1.798160e+03 743 938
1.792349e+03 760 849
1.705215e+03 648 788
1.530579e+03 621 725
1.501680e+03 589 699
1.386536e+03 572 668
1.332029e+03 548 647
1.238001e+03 523 677
1.239425e+03 506 640
1.254078e+03 540 902
1.258295e+03 534 888
1.216779e+03 486 779
1.261803e+03 592 1360
1.367345e+03 734 1460
1.568645e+03 586 1140
1.512636e+03 503 873
1.304228e+03 464 735
1.194391e+03 443 664
1.077316e+03 424 571
1.086349e+03 418 527
1.042658e+03 416 604
9.980346e+02 411 551
1.042165e+03 408 539
9.836492e+02 405 523
9.703677e+02 400 523
9.131319e+02 395 515
9.963623e+02 397 535
1.070170e+03 432 511
1.122750e+03 423 488
1.042452e+03 423 472
9.979754e+02 500 461
1.092000e+03 450 476
1.012236e+03 444 453
9.607915e+02 391 431
9.103757e+02 375 423
9.065473e+02 380 431
8.662758e+02 358 431
8.048324e+02 337 431
8.227561e+02 332 423
7.495759e+02 326 375
6.943284e+02 319 371
7.482197e+02 306 357
7.067572e+02 298 357
6.663362e+02 289 297
6.618237e+02 284 297
6.818901e+02 277 297
6.164484e+02 277 294
6.652691e+02 272 291
6.615166e+02 267 291
6.177061e+02 260 291
5.979745e+02 254 300
5.680814e+02 249 279
5.680234e+02 247 268
5.380954e+02 247 291
5.536953e+02 247 224
6.101740e+02 245 230
5.858362e+02 245 224
5.788311e+02 241 297
5.226896e+02 239 274
5.065307e+02 237 265
5.517319e+02 237 260
5.163141e+02 239 254
5.403043e+02 241 262
5.457850e+02 237 297
4.704477e+02 234 300
5.128593e+02 230 276
4.965795e+02 230 279
5.132590e+02 236 279
5.109380e+02 234 357
5.173917e+02 234 375
5.334927e+02 249 316
5.310053e+02 279 323
5.431085e+02 279 323
5.138321e+02 279 282
5.652282e+02 291 274
5.401396e+02 265 282
5.186750e+02 245 323
4.954047e+02 234 310
4.744634e+02 228 319
4.712847e+02 226 313
4.418828e+02 220 316
4.619071e+02 213 294
4.391837e+02 212 257
4.283703e+02 210 240
4.366527e+02 209 257
4.532800e+02 207 246
4.580658e+02 206 240
4.451998e+02 204 332
4.272532e+02 203 232
4.007224e+02 202 282
4.002079e+02 202 288
4.071816e+02 198 286
4.163105e+02 198 292
4.331816e+02 196 262
4.095505e+02 196 226
3.885054e+02 196 239
4.038133e+02 193 306
4.010976e+02 192 267
4.074376e+02 187 229
4.235060e+02 185 306
3.882491e+02 185 297
3.980421e+02 185 295
3.880417e+02 193 286
3.994068e+02 204 292
4.340136e+02 223 212
4.425500e+02 253 246
4.450070e+02 264 257
4.450020e+02 270 262
4.414397e+02 229 231
4.375657e+02 211 205
4.464211e+02 205 203
4.276047e+02 199 190
4.150671e+02 198 199
4.043367e+02 196 173
4.012482e+02 195 178
3.967984e+02 192 175
3.919568e+02 189 166
3.870023e+02 187 197
3.713328e+02 193 244
3.703836e+02 201 267
3.843539e+02 238 283
4.033306e+02 208 303
4.009586e+02 195 283
4.195046e+02 186 267
4.006287e+02 180 283
3.432070e+02 176 292
3.836535e+02 173 286
3.596864e+02 170 270
3.456662e+02 174 229
3.288118e+02 187 222
3.154145e+02 193 236
3.343480e+02 195 275
3.162958e+02 189 267
3.153730e+02 183 281
3.485795e+02 179 281
3.246651e+02 178 197
2.978410e+02 176 165
2.972421e+02 174 171
3.191471e+02 171 175
3.083597e+02 169 166
2.789044e+02 173 178
2.882307e+02 192 194
3.051586e+02 185 182
3.406543e+02 182 173
3.615536e+02 176 173
3.283993e+02 171 176
2.853845e+02 174 188
2.929446e+02 176 194
3.015301e+02 174 231
2.648317e+02 170 226
2.471472e+02 165 214
2.349354e+02 161 270
2.542101e+02 156 300
2.405292e+02 153 306
2.102410e+02 150 262
2.228885e+02 149 278
2.578644e+02 149 335
2.600975e+02 148 300
2.764081e+02 148 265
2.333870e+02 148 262
2.416575e+02 147 254
2.233849e+02 147 244
2.038821e+02 147 244
1.939956e+02 146 231
2.082422e+02 146 217
2.023723e+02 148 231
2.434133e+02 161 265
2.943955e+02 283 320
3.218886e+02 279 344
4.145505e+02 215 267
4.326750e+02 232 344
3.737960e+02 264 395
3.212404e+02 218 314
3.524049e+02 210 344
3.186444e+02 205 309
2.946837e+02 185 265
2.678464e+02 173 278
2.558488e+02 164 281
2.424252e+02 161 236
2.193328e+02 158 219
1.948819e+02 158 270
2.020877e+02 154 281
1.949035e+02 152 283
2.106401e+02 155 311
3.127373e+02 171 303
3.036661e+02 208 265
2.440813e+02 218 283
2.226582e+02 502 365
3.197573e+02 389 375
3.989814e+02 281 326
4.424373e+02 345 297
5.083580e+02 461 338
4.810404e+02 378 303
4.817238e+02 311 267
5.253631e+02 295 241
5.016028e+02 260 267
4.221222e+02 260 322
4.490978e+02 589 563
1.055088e+03 1650 1400
1.557108e+03 1290 1430
1.459463e+03 874 972
1.381506e+03 779 860
1.082745e+03 584 623
8.279683e+02 475 530
6.997996e+02 398 479
5.575075e+02 355 442
5.735261e+02 326 408
4.855540e+02 297 378
3.534073e+02 286 428
2.762024e+02 331 477
3.487000e+02 355 515
3.766884e+02 329 481
4.502642e+02 270 411
3.717369e+02 252 398
3.598173e+02 267 284
3.927074e+02 308 389
3.480488e+02 697 900
4.348993e+02 712 774
6.236971e+02 568 593
8.347163e+02 393 500
7.750957e+02 321 391
5.435710e+02 279 338
4.911757e+02 256 317
3.906340e+02 267 278
3.851973e+02 266 341
3.423263e+02 247 416
2.694522e+02 372 958
3.417719e+02 560 1710
8.817622e+02 1080 3080
1.375468e+03 808 2430
1.222017e+03 2180 2110
1.658568e+03 3490 2480
5000 3070 2180
5000 2330 1770
4.604427e+03 1550 1450
3.326483e+03 1200 1020
2.574083e+03 956 761
1.994314e+03 821 663
1.770468e+03 729 594
1.594228e+03 668 632
1.560593e+03 621 531
1.531684e+03 549 470
1.494876e+03 989 519
1.697934e+03 1190 847
2.239233e+03 750 847
2.097344e+03 625 749
1.664810e+03 596 682
1.689871e+03 555 940
1.655779e+03 619 1090
1.915168e+03 994 1800
2.388644e+03 960 1090
2.207293e+03 885 864
2.210645e+03 818 744
2.017899e+03 659 693
1.556482e+03 565 623
1.288361e+03 499 566
1.169883e+03 476 558
1.533175e+03 510 698
1.281653e+03 505 667
1.105993e+03 734 1130
1.379473e+03 840 2140
1.857005e+03 844 2030
1.973086e+03 742 1320
1.906792e+03 670 1270
1.841420e+03 699 1390
1.968600e+03 1130 1320
1.933988e+03 1050 969
1.774470e+03 779 856
1.600365e+03 642 1450
1.624319e+03 703 1810
2.440243e+03 858 1960
3.152244e+03 742 2080
3.868517e+03 754 1690
3.249982e+03 622 1350
2.591234e+03 534 1070
2.098955e+03 465 900
1.766402e+03 419 807
1.573117e+03 430 826
1.599384e+03 714 960
2.240779e+03 680 1030
2.076424e+03 473 890
1.786980e+03 443 788
1.790555e+03 931 924
2.744473e+03 2520 1920
5000 2200 3790
5000 1390 2780
5000 1170 1790
4.699766e+03 892 1490
3.560454e+03 899 1560
3.367844e+03 884 1700
3.483327e+03 780 1410
3.126295e+03 741 1320
3.007864e+03 1620 2680
4.084768e+03 2720 5720
5000 3330 6780
5000 4500 6330
5000 3720 5290
5000 2340 4090
5000 1890 3040
5000 1570 2230
5000 1290 1720
5000 1090 1530
5000 1010 1430
5000 1310 1560
3.978107e+03 1440 1620
3.074994e+03 1380 1720
2.914759e+03 1170 1530
2.541039e+03 1050 1320
2.640004e+03 1020 1250
2.447714e+03 1140 1490
2.798307e+03 2830 2520
4.715261e+03 2890 2750
4.604688e+03 2230 2290
4.857732e+03 1910 2030
4.371508e+03 1600 1690
3.978738e+03 1280 1420
3.502480e+03 1250 1330
2.916731e+03 1400 1590
2.669798e+03 1260 1520
2.855107e+03 1260 1420
3.079366e+03 2050 1420
3.218691e+03 1920 1610
3.739510e+03 1460 1500
3.405137e+03 1210 1690
3.116609e+03 1090 1420
2.791424e+03 954 1140
2.566075e+03 924 1010
2.350945e+03 856 1050
2.449976e+03 832 1110
2.656524e+03 860 1360
3.136156e+03 1060 1740
3.181624e+03 1070 1730
3.931811e+03 1410 1800
5000 1430 1480
5000 1390 1280
5000 1200 1280
4.834982e+03 1850 1480
5000 1520 1550
4.617782e+03 1250 1810
3.771875e+03 993 1410
3.343235e+03 850 1180
3.048940e+03 1230 1050
3.138717e+03 3380 1260
4.599587e+03 3080 1750
5000 1910 1530
4.386229e+03 1470 1280
3.498697e+03 1250 1010
2.979738e+03 1120 935
2.709299e+03 1130 944
2.517511e+03 1200 827
2.490797e+03 1200 807
2.475986e+03 1100 754
2.297240e+03 999 730
2.733632e+03 973 735
2.271693e+03 1010 716
2.291853e+03 1090 698
2.112490e+03 930 684
1.904186e+03 877 693
1.901205e+03 912 812
1.822008e+03 1100 1070
1.998621e+03 1040 897
2.277351e+03 1140 725
2.314846e+03 861 740
2.482317e+03 861 740
2.252771e+03 942 653
2.044267e+03 808 640
1.827576e+03 714 539
1.672624e+03 647 477
1.521199e+03 612 435
1.484736e+03 600 445
1.459998e+03 571 449
1.424391e+03 560 449
1.407020e+03 543 456
1.594308e+03 659 456
1.722992e+03 727 408
1.535696e+03 627 418
1.467544e+03 564 401
1.390954e+03 536 401
1.397396e+03 512 372
1.310229e+03 532 385
1.442530e+03 557 332
1.412241e+03 493 368
1.375036e+03 470 372
1.435545e+03 493 356
1.488570e+03 502 317
1.539441e+03 557 297
1.497109e+03 493 347
1.344626e+03 452 344
1.270114e+03 431 300
1.198815e+03 414 286
1.164050e+03 395 292
1.036535e+03 378 289
1.046125e+03 368 283
9.776671e+02 358 289
9.508416e+02 350 281
9.573640e+02 340 262
8.951456e+02 330 249
9.342115e+02 320 244
8.528730e+02 313 270
8.508269e+02 306 249
8.431163e+02 304 259
7.839230e+02 299 262
7.170335e+02 318 241
8.722636e+02 308 231
8.207993e+02 333 411
9.021301e+02 355 353
9.789522e+02 318 362
8.301419e+02 290 306
7.887348e+02 281 335
7.454810e+02 273 353
7.657915e+02 270 283
7.346043e+02 270 292
7.177939e+02 368 395
7.770511e+02 434 404
7.862730e+02 338 314
8.316577e+02 297 283
7.806250e+02 277 270
6.833242e+02 264 254
6.973368e+02 262 278
6.949604e+02 260 252
6.515460e+02 256 262
6.233824e+02 258 259
6.530214e+02 304 292
6.615522e+02 353 272
6.533250e+02 318 283
6.837170e+02 288 292
6.554316e+02 311 257
6.536999e+02 400 314
7.507693e+02 333 306
7.402510e+02 297 283
6.788253e+02 275 275
5.771088e+02 258 249
6.019574e+02 249 244
5.891686e+02 243 252
5.968824e+02 238 226
5.421288e+02 232 241
4.565762e+02 230 214
5.515971e+02 227 217
5.753858e+02 223 241
5.829450e+02 222 231
5.317076e+02 218 224
4.877611e+02 217 222
4.964773e+02 217 234
4.954252e+02 217 212
5.171998e+02 218 210
4.914192e+02 213 222
4.847111e+02 208 239
4.834925e+02 208 210
4.453965e+02 204 212
4.771620e+02 201 219
4.720614e+02 198 188
4.599107e+02 196 186
4.549891e+02 196 205
4.436021e+02 195 208
4.645385e+02 193 214
4.691402e+02 193 350
4.498117e+02 196 239
4.307171e+02 216 196
4.124021e+02 215 155
4.135401e+02 208 180
4.160041e+02 208 191
4.273960e+02 211 192
4.150070e+02 208 184
4.313820e+02 208 209
4.353830e+02 206 206
4.365346e+02 205 192
4.176373e+02 209 223
4.250174e+02 226 198
4.285659e+02 301 261
4.452550e+02 311 253
4.635899e+02 379 275
4.845350e+02 316 272
4.706227e+02 281 260
4.644818e+02 259 287
4.399248e+02 246 271
3.922627e+02 236 265
3.913634e+02 230 277
4.566246e+02 231 288
4.376633e+02 253 284
4.179622e+02 257 376
4.058822e+02 248 271
4.301800e+02 228 333
4.172327e+02 218 331
4.049600e+02 210 329
3.743650e+02 202 312
3.534520e+02 197 281
3.687979e+02 195 278
3.411671e+02 196 287
2.968933e+02 190 279
2.919841e+02 188 255
3.276041e+02 186 252
3.592217e+02 185 223
3.277282e+02 185 166
3.435896e+02 184 156
3.331993e+02 182 152
3.522860e+02 182 171
3.292928e+02 193 296
3.084312e+02 185 228
2.988659e+02 179 153
3.067953e+02 178 148
3.126385e+02 177 221
3.271394e+02 194 190
3.327375e+02 216 266
3.350610e+02 208 290
3.350175e+02 186 311
2.958355e+02 175 297
2.560709e+02 166 250
2.268213e+02 158 203
2.077199e+02 158 184
2.321333e+02 160 239
2.455697e+02 164 215
2.252231e+02 164 192
2.307616e+02 157 175
2.658279e+02 153 169
2.438731e+02 149 163
1.955356e+02 146 156
2.022759e+02 146 162
2.191716e+02 148 161
2.553703e+02 147 160
2.515457e+02 156 158
2.134118e+02 175 173
2.124064e+02 177 165
2.498622e+02 173 152
2.471116e+02 163 174
2.420469e+02 162 166
2.462865e+02 166 164
2.460825e+02 172 194
2.253707e+02 169 351
2.357893e+02 164 319
2.637141e+02 156 258
2.503864e+02 154 241
2.465504e+02 150 291
2.077010e+02 150 203
1.943826e+02 165 194
2.233093e+02 160 170
2.245134e+02 153 179
1.892512e+02 161 185
2.111497e+02 265 203
2.324083e+02 460 307
2.841062e+02 341 328
3.488384e+02 457 356
3.895474e+02 702 355
4.860132e+02 768 363
7.452351e+02 549 422
8.540303e+02 395 346
7.870644e+02 346 300
5.683811e+02 290 262
3.594427e+02 257 228
2.487405e+02 235 210
2.496375e+02 222 179
2.769583e+02 308 173
3.375228e+02 386 201
3.570913e+02 340 192
4.303802e+02 324 193
5.426329e+02 298 181
5.656839e+02 263 194
5.032377e+02 227 188
4.197441e+02 208 175
2.824768e+02 197 184
2.365581e+02 193 177
2.069615e+02 214 172
1.827750e+02 279 168
2.199683e+02 231 186
2.555996e+02 225 181
2.530360e+02 203 135
3.149695e+02 192 149
3.648434e+02 214 182
3.457262e+02 276 210
3.430725e+02 252 265
3.095487e+02 258 227
2.771101e+02 260 307
2.399986e+02 194 195
2.399996e+02 249 208
2.720477e+02 293 317
2.883937e+02 331 399
2.788551e+02 443 407
2.903531e+02 347 504
2.794190e+02 229 363
2.577554e+02 193 235
2.301548e+02 179 228
2.236350e+02 170 207
2.352897e+02 175 238
2.030356e+02 170 210
1.688259e+02 164 176
1.532821e+02 168 226
1.352768e+02 317 190
1.970388e+02 590 327
3.928590e+02 331 320
4.826933e+02 249 224
4.309230e+02 213 219
3.533509e+02 187 225
3.039610e+02 173 183
2.370444e+02 161 159
2.035406e+02 151 166
1.739565e+02 144 128
1.590318e+02 140 123
1.454779e+02 141 131
1.451375e+02 194 180
1.842092e+02 179 410
1.812115e+02 149 322
1.810609e+02 148 213
1.696227e+02 165 102
1.770132e+02 150 308
1.827012e+02 176 337
1.757923e+02 160 236
1.859106e+02 152 500
2.101882e+02 202 599
3.026368e+02 375 532
3.648546e+02 349 460
3.898842e+02 293 489
3.778597e+02 711 1340
6.314935e+02 511 1430
8.654473e+02 372 1200
7.305279e+02 374 1180
7.030893e+02 470 1960
7.364979e+02 582 1870
7.325824e+02 362 1190
6.951346e+02 441 1150
7.840605e+02 362 1360
8.737513e+02 315 1280
9.066884e+02 416 1020
1.115577e+03 481 810
1.453449e+03 349 781
1.486601e+03 884 1240
3.362039e+03 1220 2690
3.289370e+03 1080 3910
2.964355e+03 994 3600
2.633654e+03 828 3110
2.310573e+03 658 2320
1.865056e+03 579 1680
1.975403e+03 698 1880
2.491442e+03 751 1920
2.953328e+03 725 1470
3.164610e+03 715 1450
3.350053e+03 768 1320
2.965441e+03 811 1110
3.017828e+03 729 1140
2.887623e+03 785 1880
2.810977e+03 688 1700
2.874377e+03 952 1340
2.935355e+03 1120 1620
4.092385e+03 1140 1790
5000 1050 1900
5000 907 1730
4.275852e+03 764 1380
3.466928e+03 685 1460
3.148637e+03 948 1680
3.327651e+03 844 1590
3.521611e+03 1050 1410
4.075959e+03 1200 1650
3.715628e+03 1880 2530
4.160290e+03 1960 2240
4.722701e+03 1460 2090
4.514247e+03 1150 2060
4.176501e+03 1150 2310
4.057923e+03 1080 1780
3.838628e+03 944 1780
3.519127e+03 891 1520
4.046757e+03 901 1420
4.455006e+03 1460 1550
4.992693e+03 1350 1380
4.321332e+03 1140 1310
3.907322e+03 1070 1250
4.521699e+03 1500 1250
3.865289e+03 1230 1160
3.249053e+03 931 953
2.758327e+03 817 730
2.317971e+03 704 625
2.112885e+03 626 516
2.221217e+03 2060 532
2.818577e+03 2200 1160
2.783982e+03 1450 1430
2.464229e+03 1290 1330
2.219078e+03 1390 1690
3.163365e+03 1090 1290
3.189456e+03 1210 1200
3.424861e+03 1480 1270
5000 1670 1280
5000 2100 1340
5000 2170 1580
5000 2590 1780
5000 3790 1900
5000 2460 1840
5000 1750 1360
5000 1590 1250
5000 1640 1230
5000 2080 1350
5000 1650 1280
5000 1600 1210
5000 1470 1080
5000 1500 1410
5000 1860 2230
5000 1900 1900
5000 3110 2830
5000 3110 3040
5000 2150 2400
5000 1800 1880
5000 2320 1930
5000 2490 1970
5000 2170 1950
5000 2180 1970
5000 1890 1550
5000 1600 1130
5000 1340 940
5000 1230 770
5000 1170 796
5000 1070 739
5000 1020 722
5000 1140 682
5000 1120 637
5000 1130 575
5000 921 497
5000 820 568
5000 792 538
4.329421e+03 956 519
3.168990e+03 921 537
2.478901e+03 779 513
2.102231e+03 758 504
2.983738e+03 5150 631
4.327085e+03 2600 1070
3.353483e+03 1480 982
2.567611e+03 1280 838
2.191860e+03 1120 644
1.912788e+03 1110 535
1.875194e+03 1080 590
1.864373e+03 1040 647
1.765115e+03 1220 502
3.546892e+03 5920 915
4.567514e+03 2750 1850
3.447611e+03 1810 1440
2.680164e+03 1570 1170
2.541173e+03 1380 1150
2.383659e+03 1210 856
2.167401e+03 1190 712
2.062426e+03 1220 755
2.039333e+03 1080 836
1.858204e+03 1110 815
1.779719e+03 1100 650
1.658850e+03 993 583
1.627621e+03 917 537
1.506109e+03 846 475
1.430541e+03 782 510
1.344695e+03 727 480
1.248769e+03 688 436
1.217598e+03 655 453
1.099663e+03 621 363
1.028686e+03 603 327
1.065230e+03 592 330
1.146966e+03 573 282
1.163370e+03 559 303
1.125361e+03 587 325
1.157152e+03 569 285
1.105767e+03 533 247
1.044686e+03 510 259
9.843748e+02 495 287
9.314070e+02 483 287
9.517702e+02 483 288
1.003923e+03 568 268
1.029616e+03 559 241
1.065498e+03 741 255
1.723904e+03 1070 317
2.753776e+03 990 357
2.423487e+03 816 341
2.086282e+03 713 321
1.868156e+03 678 289
1.577478e+03 628 319
1.315770e+03 586 286
1.211956e+03 544 253
1.185637e+03 513 257
1.046309e+03 568 257
1.348051e+03 591 363
1.484752e+03 712 511
1.912233e+03 832 580
1.860791e+03 612 376
1.589601e+03 534 312
1.369111e+03 503 354
1.220188e+03 472 386
1.098984e+03 451 322
1.049856e+03 448 287
9.716193e+02 452 288
9.847096e+02 493 286
1.038329e+03 484 236
1.039519e+03 437 175
1.011375e+03 418 188
9.427391e+02 405 188
8.695710e+02 395 222
8.734374e+02 385 181
8.460633e+02 381 158
8.061365e+02 370 169
8.231315e+02 360 162
7.639274e+02 349 156
7.582817e+02 339 158
7.673393e+02 331 136
7.193820e+02 327 150
6.486047e+02 321 133
6.139897e+02 314 126
5.826614e+02 306 136
5.807660e+02 340 136
6.051466e+02 380 129
6.584552e+02 331 132
7.236510e+02 340 125
8.848509e+02 360 144
7.532049e+02 320 130
6.939485e+02 305 129
6.341626e+02 299 128
6.027111e+02 294 126
6.071899e+02 286 134
5.842651e+02 278 130
5.741059e+02 271 102
5.213296e+02 271 127
5.332018e+02 267 113
5.430285e+02 261 102
5.401595e+02 255 110
5.258024e+02 251 102
5.252310e+02 249 104
5.143839e+02 245 115
4.877601e+02 255 106
5.392075e+02 340 112
7.341954e+02 560 125
8.878858e+02 475 122
8.893915e+02 384 124
8.684596e+02 379 133
8.282506e+02 375 152
6.656965e+02 343 139
5.619352e+02 322 126
5.712396e+02 307 109
5.945707e+02 298 131
5.984373e+02 288 165
5.568198e+02 283 134
5.291733e+02 279 130
4.727882e+02 277 144
4.779242e+02 277 153
4.651591e+02 274 159
4.928206e+02 273 163
5.228597e+02 270 200
5.443248e+02 268 162
5.027874e+02 265 144
4.651936e+02 261 111
5.063618e+02 258 113
5.125137e+02 255 121
5.178452e+02 250 123
5.250772e+02 245 127
5.143396e+02 243 123
5.076882e+02 241 183
4.908181e+02 237 159
4.824016e+02 237 114
4.735695e+02 237 120
4.888317e+02 237 156
4.861029e+02 235 198
4.603913e+02 233 191
4.636735e+02 231 159
4.574965e+02 230 119
4.521577e+02 229 122
4.506210e+02 227 121
4.216918e+02 222 105
3.848782e+02 220 101
3.956476e+02 220 115
4.023081e+02 225 186
4.220296e+02 233 206
4.134624e+02 245 319
4.323618e+02 252 319
4.449233e+02 243 313
4.485388e+02 238 305
4.282142e+02 237 281
4.152425e+02 232 299
4.542394e+02 245 299
4.440985e+02 252 311
4.126927e+02 230 299
3.879855e+02 214 182
3.751767e+02 207 148
3.465639e+02 202 144
3.134023e+02 200 125
3.109793e+02 197 119
3.102819e+02 197 180
3.136420e+02 197 216
3.188822e+02 197 139
3.054348e+02 199 194
3.044130e+02 204 204
3.254841e+02 214 190
3.586115e+02 228 169
3.866630e+02 215 191
3.783569e+02 207 184
3.724053e+02 206 171
3.706923e+02 212 196
3.559558e+02 212 193
3.232273e+02 203 168
2.995637e+02 210 175
2.998744e+02 237 195
2.999639e+02 211 173
3.128087e+02 198 178
3.108084e+02 190 173
2.924283e+02 186 183
2.714702e+02 183 158
2.462093e+02 182 150
2.204220e+02 181 172
2.129997e+02 186 213
2.215460e+02 195 240
2.346885e+02 183 208
2.206669e+02 180 184
2.294502e+02 177 166
2.440852e+02 176 212
2.668141e+02 177 205
2.648100e+02 178 223
2.599601e+02 173 267
2.471694e+02 169 214
2.249714e+02 165 202
2.071874e+02 160 177
1.956592e+02 157 183
2.001749e+02 156 197
2.207034e+02 156 201
2.116564e+02 152 172
2.083402e+02 156 159
2.024005e+02 182 172
2.263292e+02 165 164
2.595669e+02 155 137
2.548901e+02 151 161
2.649388e+02 149 162
2.699676e+02 148 183
2.557472e+02 148 168
2.594881e+02 153 159
2.840666e+02 284 151
2.975505e+02 326 261
3.292063e+02 207 300
3.482881e+02 166 261
3.658873e+02 151 218
3.367684e+02 145 168
2.963394e+02 154 239
2.547916e+02 210 230
2.592131e+02 177 215
2.775778e+02 177 223
2.693324e+02 162 205
2.911731e+02 216 198
3.772229e+02 253 200
3.727911e+02 220 202
3.515747e+02 197 191
3.305124e+02 176 232
2.959631e+02 161 237
2.618050e+02 154 241
2.249108e+02 152 189
2.135796e+02 147 203
2.039086e+02 144 175
2.039737e+02 156 175
1.954463e+02 159 190
1.979772e+02 478 148
2.236317e+02 490 187
3.364175e+02 321 197
3.539245e+02 244 228
3.739191e+02 209 265
2.863793e+02 182 233
2.597587e+02 166 203
2.228975e+02 158 193
2.621401e+02 153 211
2.883907e+02 176 233
3.600420e+02 200 280
4.276686e+02 279 618
4.136611e+02 602 1050
4.146146e+02 533 953
4.255717e+02 347 516
5.141863e+02 355 228
4.990980e+02 337 195
4.534491e+02 285 191
3.655319e+02 240 158
3.259835e+02 203 157
2.932353e+02 186 197
2.546103e+02 179 157
2.299618e+02 194 139
2.584759e+02 220 178
3.022918e+02 277 326
3.547848e+02 392 314
6.362468e+02 340 206
6.674067e+02 311 176
7.119840e+02 388 610
9.804850e+02 734 409
1.229400e+03 806 314
1.436358e+03 598 450
1.374856e+03 601 581
1.342911e+03 589 753
1.290986e+03 472 678
1.211945e+03 401 480
1.075247e+03 374 395
1.039462e+03 321 390
9.351557e+02 284 472
8.531448e+02 697 1010
1.100166e+03 1490 1780
3.379004e+03 894 1280
2.795731e+03 637 1140
2.264641e+03 471 1030
1.780618e+03 385 918
1.347176e+03 759 835
1.121292e+03 506 814
1.016394e+03 560 758
1.172792e+03 584 771
1.092464e+03 434 734
1.031599e+03 420 866
1.066069e+03 473 751
1.026138e+03 430 796
1.135715e+03 514 974
1.388027e+03 452 954
1.239876e+03 435 863
1.318303e+03 436 1820
1.376486e+03 778 933
1.867540e+03 729 992
2.072974e+03 583 1230
2.355725e+03 844 2870
4.011013e+03 1090 2540
4.886266e+03 923 2060
4.540672e+03 804 1540
3.628611e+03 768 1310
3.123957e+03 662 1230
3.142504e+03 770 1740
3.197695e+03 699 1650
3.056190e+03 1080 1560
4.426277e+03 1340 1500
5000 1160 1590
5000 1310 1620
5000 984 1690
5000 861 1510
5000 761 1330
5000 720 1140
5000 674 2410
5000 2110 6530
5000 2810 6260
5000 1710 5440
5000 1670 4400
5000 1360 3210
5000 1170 2280
5000 987 1870
5000 881 1730
5000 820 1810
5000 819 1580
5000 810 1320
5000 707 1140
5000 1330 1040
5000 2150 1080
5000 2010 1250
5000 1190 1300
5000 903 1220
5000 868 1220
5000 794 1120
4.183941e+03 815 1200
2.717617e+03 1740 2210
2.546256e+03 3030 3640
3.011835e+03 2450 3260
2.825363e+03 1380 2560
2.600770e+03 1130 1940
2.393691e+03 1130 1660
2.415276e+03 1130 1510
2.518345e+03 1010 1340
2.315842e+03 911 1300
2.190612e+03 847 1230
2.197298e+03 1880 1500
3.073772e+03 2570 2240
3.074646e+03 3020 2640
3.626833e+03 2930 2130
3.557871e+03 1620 1850
2.907748e+03 1680 1600
2.635877e+03 1280 1620
2.667300e+03 1090 1560
2.692013e+03 1220 1350
3.352901e+03 1150 1170
3.379322e+03 1150 1090
3.078555e+03 1190 1250
2.958515e+03 1080 1280
3.333464e+03 980 1120
3.350938e+03 931 1060
2.769848e+03 821 1060
2.482238e+03 736 909
2.195775e+03 683 700
2.106201e+03 641 633
1.895967e+03 708 691
1.948691e+03 713 745
2.295028e+03 668 643
2.284325e+03 590 726
1.932280e+03 837 1030
2.066681e+03 990 1110
2.502759e+03 769 781
2.181740e+03 685 581
1.824414e+03 626 454
1.668153e+03 563 461
1.511366e+03 523 418
1.346593e+03 498 401
1.403145e+03 506 392
1.486366e+03 534 413
1.570854e+03 520 401
1.627220e+03 730 316
2.562148e+03 877 344
2.767149e+03 864 390
2.341875e+03 716 344
2.003681e+03 608 320
1.691264e+03 544 289
1.587099e+03 555 282
1.779315e+03 679 211
1.755589e+03 646 179
1.603476e+03 537 167
1.505569e+03 485 135
1.490920e+03 465 148
1.367771e+03 458 140
1.376480e+03 570 123
1.324862e+03 596 156
1.264425e+03 535 231
1.158009e+03 517 188
1.107438e+03 537 131
1.187602e+03 513 144
1.431449e+03 1410 161
2.492268e+03 2070 180
3.400811e+03 2620 294
5000 3650 764
5000 2550 1180
5000 2160 908
5000 2290 561
5000 1630 506
5000 1400 593
5000 1240 333
5000 1120 228
4.235613e+03 992 217
2.764537e+03 934 284
2.366049e+03 882 270
2.172303e+03 848 235
1.944192e+03 781 143
1.816576e+03 759 114
1.731417e+03 733 120
1.648508e+03 711 115
1.590460e+03 689 112
1.497550e+03 642 121
1.428077e+03 619 133
1.393838e+03 597 116
1.355496e+03 571 116
1.294608e+03 579 109
1.258566e+03 538 242
1.247480e+03 510 239
1.199423e+03 489 192
1.142860e+03 467 162
1.076728e+03 453 169
1.136032e+03 439 139
1.059094e+03 442 154
1.084665e+03 456 175
1.031491e+03 433 171
9.805769e+02 417 121
9.196313e+02 404 129
8.557982e+02 395 159
9.300080e+02 392 144
8.765893e+02 406 159
8.911253e+02 439 172
8.839143e+02 392 172
8.597614e+02 379 174
8.314444e+02 368 150
8.019288e+02 406 268
8.290421e+02 472 335
8.439678e+02 408 205
8.375812e+02 363 127
8.108168e+02 344 108
7.746264e+02 332 109
7.570881e+02 321 118
7.377967e+02 308 101
6.895137e+02 297 101
6.400078e+02 288 97
6.186370e+02 283 94
6.053642e+02 277 98
6.086657e+02 280 9.570000e+01
6.096160e+02 280 95
6.241329e+02 278 9.510000e+01
6.283113e+02 277 9.450000e+01
6.401966e+02 275 9.450000e+01
6.386322e+02 270 9.560000e+01
6.182411e+02 267 94
5.910068e+02 267 94
5.760463e+02 259 111
5.931055e+02 255 104
6.108347e+02 254 9.350000e+01
6.031185e+02 255 92
5.866541e+02 254 9.450000e+01
5.712326e+02 250 101
5.561113e+02 248 105
5.574564e+02 249 99
5.628288e+02 240 104
5.714968e+02 236 137
5.205786e+02 231 116
5.130448e+02 227 107
4.930720e+02 226 118
4.730799e+02 225 114
4.922517e+02 223 9.750000e+01
5.148620e+02 220 9.450000e+01
5.042777e+02 218 9.450000e+01
4.933973e+02 215 137
4.674761e+02 214 137
4.514692e+02 210 102
4.504229e+02 209 105
